5.002687e+002,5.780007e+001
5.012330e+002,6.048025e+001
5.021972e+002,6.147338e+001
5.031614e+002,6.160298e+001
5.041257e+002,6.275124e+001
5.050899e+002,6.650104e+001
5.060541e+002,6.930240e+001
5.070184e+002,6.947749e+001
5.079826e+002,7.126345e+001
5.089468e+002,7.278117e+001
5.099111e+002,7.396716e+001
5.108753e+002,7.476141e+001
5.118395e+002,7.507410e+001
5.128038e+002,7.511749e+001
5.137680e+002,7.486189e+001
5.147322e+002,7.406275e+001
5.156965e+002,7.256653e+001
5.166607e+002,7.053134e+001
5.176249e+002,6.847028e+001
5.185892e+002,6.680309e+001
5.195534e+002,6.550838e+001
5.205176e+002,6.432822e+001
5.214819e+002,6.319622e+001
5.224461e+002,6.209082e+001
5.234103e+002,6.101434e+001
5.243746e+002,6.011240e+001
5.253388e+002,5.937953e+001
5.263030e+002,5.879005e+001
5.272673e+002,5.820915e+001
5.282315e+002,5.751693e+001
5.291957e+002,5.657029e+001
5.301600e+002,5.518305e+001
5.311242e+002,5.329476e+001
5.320884e+002,5.114176e+001
5.330527e+002,4.907340e+001
5.340169e+002,4.722271e+001
5.349811e+002,4.509831e+001
5.359454e+002,4.224218e+001
5.369096e+002,3.880873e+001
5.378738e+002,3.530242e+001
5.388381e+002,3.200688e+001
5.398023e+002,2.903215e+001
5.407665e+002,2.639176e+001
5.417308e+002,2.411078e+001
5.426950e+002,2.217817e+001
5.436592e+002,2.053453e+001
5.446235e+002,1.915782e+001
5.455877e+002,1.810176e+001
5.465519e+002,1.729408e+001
5.475162e+002,1.660448e+001
5.484804e+002,1.563852e+001
5.494446e+002,1.438556e+001
5.504089e+002,1.309850e+001
5.513731e+002,1.189099e+001
5.523373e+002,1.086442e+001
5.533016e+002,1.012752e+001
5.542658e+002,9.694016e+000
5.552300e+002,9.519995e+000
5.561943e+002,9.559962e+000
5.571585e+002,9.709614e+000
5.581227e+002,9.800985e+000
5.590870e+002,9.747938e+000
5.600512e+002,9.588930e+000
5.610154e+002,9.509165e+000
5.619797e+002,9.502323e+000
5.629439e+002,9.522032e+000
5.639081e+002,9.545248e+000
5.648724e+002,9.521561e+000
5.658366e+002,9.352059e+000
5.668008e+002,9.154222e+000
5.677651e+002,9.114496e+000
5.687293e+002,9.302011e+000
5.696935e+002,9.626535e+000
5.706578e+002,9.909405e+000
5.716220e+002,1.006682e+001
5.725862e+002,1.024166e+001
5.735505e+002,1.049693e+001
5.745147e+002,1.081912e+001
5.754789e+002,1.114511e+001
5.764432e+002,1.142668e+001
5.774074e+002,1.143403e+001
5.783716e+002,1.094128e+001
5.793359e+002,1.008899e+001
5.803001e+002,9.336208e+000
5.812643e+002,8.978582e+000
5.822286e+002,8.948550e+000
5.831928e+002,9.026398e+000
5.841570e+002,9.060752e+000
5.851213e+002,9.091957e+000
5.860855e+002,9.324115e+000
5.870497e+002,9.764009e+000
5.880140e+002,1.037851e+001
5.889782e+002,1.118934e+001
5.899424e+002,1.216372e+001
5.909067e+002,1.316598e+001
5.918709e+002,1.452816e+001
5.928351e+002,1.675502e+001
5.937994e+002,2.025672e+001
5.947636e+002,2.553653e+001
5.957278e+002,3.287933e+001
5.966921e+002,4.213254e+001
5.976563e+002,5.281223e+001
5.986205e+002,6.419490e+001
5.995848e+002,7.534676e+001
6.005490e+002,8.527323e+001
6.015132e+002,9.315920e+001
6.024775e+002,9.821413e+001
6.034417e+002,9.992096e+001
6.044059e+002,9.822565e+001
6.053702e+002,9.358795e+001
6.063344e+002,8.657335e+001
6.072986e+002,7.801463e+001
6.082629e+002,6.898730e+001
6.092271e+002,6.026263e+001
6.101913e+002,5.224090e+001
6.111556e+002,4.526609e+001
6.121198e+002,3.961781e+001
6.130840e+002,3.538614e+001
6.140483e+002,3.249109e+001
6.150125e+002,3.070367e+001
6.159767e+002,2.966256e+001
6.169410e+002,2.911997e+001
6.179052e+002,2.888315e+001
6.188694e+002,2.879203e+001
6.198337e+002,2.891039e+001
6.207979e+002,2.925772e+001
6.217621e+002,2.977929e+001
6.227264e+002,3.040552e+001
6.236906e+002,3.109787e+001
6.246548e+002,3.192895e+001
6.256191e+002,3.304587e+001
6.265833e+002,3.448753e+001
6.275475e+002,3.612573e+001
6.285118e+002,3.779050e+001
6.294760e+002,3.935325e+001
6.304402e+002,4.065820e+001
6.314045e+002,4.170234e+001
6.323687e+002,4.277626e+001
6.333329e+002,4.426813e+001
6.342972e+002,4.616729e+001
6.352614e+002,4.834083e+001
6.362256e+002,5.074860e+001
6.371899e+002,5.343248e+001
6.381541e+002,5.631343e+001
6.391183e+002,5.970824e+001
6.400826e+002,6.385020e+001
6.410468e+002,6.885822e+001
6.420110e+002,7.473960e+001
6.429753e+002,8.149202e+001
6.439395e+002,8.865321e+001
6.449037e+002,9.551675e+001
6.458680e+002,1.016820e+002
6.468322e+002,1.069720e+002
6.477964e+002,1.112153e+002
6.487607e+002,1.141685e+002
6.497249e+002,1.153472e+002
6.506891e+002,1.145304e+002
6.516534e+002,1.120308e+002
6.526176e+002,1.087101e+002
6.535818e+002,1.049842e+002
6.545461e+002,1.008195e+002
6.555103e+002,9.607433e+001
6.564745e+002,9.139655e+001
6.574388e+002,8.707597e+001
6.584030e+002,8.316527e+001
6.593672e+002,7.986878e+001
6.603315e+002,7.742251e+001
6.612957e+002,7.583871e+001
6.622599e+002,7.477998e+001
6.632242e+002,7.380280e+001
6.641884e+002,7.291873e+001
6.651526e+002,7.236199e+001
6.661169e+002,7.208727e+001
6.670811e+002,7.168542e+001
6.680453e+002,7.069310e+001
6.690096e+002,6.906327e+001
6.699738e+002,6.744041e+001
6.709380e+002,6.605630e+001
6.719023e+002,6.486547e+001
6.728665e+002,6.381689e+001
6.738307e+002,6.254736e+001
6.747950e+002,6.080319e+001
6.757592e+002,5.855773e+001
6.767234e+002,5.595187e+001
6.776877e+002,5.316700e+001
6.786519e+002,5.030742e+001
6.796161e+002,4.743915e+001
6.805804e+002,4.461891e+001
6.815446e+002,4.188472e+001
6.825089e+002,3.922939e+001
6.834731e+002,3.671546e+001
6.844373e+002,3.449149e+001
6.854016e+002,3.268415e+001
6.863658e+002,3.148141e+001
6.873300e+002,3.068213e+001
6.882943e+002,3.016903e+001
6.892585e+002,2.987429e+001
6.902227e+002,2.972185e+001
6.911870e+002,2.974372e+001
6.921512e+002,2.991583e+001
6.931154e+002,3.009476e+001
6.940797e+002,3.014600e+001
6.950439e+002,2.993437e+001
6.960081e+002,2.922512e+001
6.969724e+002,2.781383e+001
6.979366e+002,2.577791e+001
6.989008e+002,2.342813e+001
6.998651e+002,2.129963e+001
7.008293e+002,1.985158e+001
7.017935e+002,1.937194e+001
7.027578e+002,1.999406e+001
7.037220e+002,2.183529e+001
7.046862e+002,2.496154e+001
7.056505e+002,2.892391e+001
7.066147e+002,3.305331e+001
7.075789e+002,3.677332e+001
7.085432e+002,3.946703e+001
7.095074e+002,4.060051e+001
7.104716e+002,3.994730e+001
7.114359e+002,3.761502e+001
7.124001e+002,3.394083e+001
7.133643e+002,2.955292e+001
7.143286e+002,2.521403e+001
7.152928e+002,2.143236e+001
7.162570e+002,1.842828e+001
7.172213e+002,1.644056e+001
7.181855e+002,1.564183e+001
7.191497e+002,1.592753e+001
7.201140e+002,1.695312e+001
7.210782e+002,1.819731e+001
7.220424e+002,1.921771e+001
7.230067e+002,1.981825e+001
7.239709e+002,1.990162e+001
7.249351e+002,1.936390e+001
7.258994e+002,1.812785e+001
7.268636e+002,1.622446e+001
7.278278e+002,1.412868e+001
7.287921e+002,1.222910e+001
7.297563e+002,1.060852e+001
7.307205e+002,9.234713e+000
7.316848e+002,8.094847e+000
7.326490e+002,7.365918e+000
7.336132e+002,6.942095e+000
7.345775e+002,6.585831e+000
7.355417e+002,6.208642e+000
7.365059e+002,5.790353e+000
7.374702e+002,5.360474e+000
7.384344e+002,4.882133e+000
7.393986e+002,4.314643e+000
7.403629e+002,3.858901e+000
7.413271e+002,3.971241e+000
7.422913e+002,4.597181e+000
7.432556e+002,5.277716e+000
7.442198e+002,5.649769e+000
7.451840e+002,5.744875e+000
7.461483e+002,5.855206e+000
7.471125e+002,6.009565e+000
7.480767e+002,6.103558e+000
7.490410e+002,6.085990e+000
7.500052e+002,6.029013e+000
7.509694e+002,6.092433e+000
7.519337e+002,6.307370e+000
7.528979e+002,6.640065e+000
7.538621e+002,7.063853e+000
7.548264e+002,7.549295e+000
7.557906e+002,7.987378e+000
7.567548e+002,8.387593e+000
7.577190e+002,8.888153e+000
7.586832e+002,9.509500e+000
7.596475e+002,1.008602e+001
7.606117e+002,1.041497e+001
7.615759e+002,1.060398e+001
7.625402e+002,1.086248e+001
7.635044e+002,1.128592e+001
7.644686e+002,1.184528e+001
7.654329e+002,1.244027e+001
7.663971e+002,1.299111e+001
7.673613e+002,1.344923e+001
7.683256e+002,1.382076e+001
7.692898e+002,1.412698e+001
7.702540e+002,1.444789e+001
7.712183e+002,1.474111e+001
7.721825e+002,1.477592e+001
7.731467e+002,1.436678e+001
7.741110e+002,1.358278e+001
7.750752e+002,1.274709e+001
7.760394e+002,1.205132e+001
7.770037e+002,1.151913e+001
7.779679e+002,1.114231e+001
7.789321e+002,1.081180e+001
7.798964e+002,1.044212e+001
7.808606e+002,1.000853e+001
7.818248e+002,9.541931e+000
7.827891e+002,9.101089e+000
7.837533e+002,8.738846e+000
7.847175e+002,8.428299e+000
7.856818e+002,8.232453e+000
7.866460e+002,8.299940e+000
7.876102e+002,8.706013e+000
7.885745e+002,9.335669e+000
7.895387e+002,1.002804e+001
7.905029e+002,1.072552e+001
7.914672e+002,1.142663e+001
7.924314e+002,1.198669e+001
7.933956e+002,1.225440e+001
7.943599e+002,1.212317e+001
7.953241e+002,1.167340e+001
7.962883e+002,1.120237e+001
7.972526e+002,1.089649e+001
7.982168e+002,1.065471e+001
7.991810e+002,1.044542e+001
8.001453e+002,1.025630e+001
8.011095e+002,1.001040e+001
8.020737e+002,9.600443e+000
8.030380e+002,9.035768e+000
8.040022e+002,8.450989e+000
8.049664e+002,7.910597e+000
8.059307e+002,7.326484e+000
8.068949e+002,6.603129e+000
8.078591e+002,5.884098e+000
8.088234e+002,5.433685e+000
8.097876e+002,5.460320e+000
8.107518e+002,5.874347e+000
8.117161e+002,6.412934e+000
8.126803e+002,6.880439e+000
8.136445e+002,7.194828e+000
8.146088e+002,7.328153e+000
8.155730e+002,7.229615e+000
8.165372e+002,6.957215e+000
8.175015e+002,6.644095e+000
8.184657e+002,6.432332e+000
8.194299e+002,6.274488e+000
8.203942e+002,6.064741e+000
8.213584e+002,5.864286e+000
8.223226e+002,5.744011e+000
8.232869e+002,5.780252e+000
8.242511e+002,6.005355e+000
8.252153e+002,6.391398e+000
8.261796e+002,6.797616e+000
8.271438e+002,7.048487e+000
8.281080e+002,7.032368e+000
8.290723e+002,6.775841e+000
8.300365e+002,6.472175e+000
8.310007e+002,6.298661e+000
8.319650e+002,6.358831e+000
8.329292e+002,6.534311e+000
8.338934e+002,6.585099e+000
8.348577e+002,6.345006e+000
8.358219e+002,5.769655e+000
8.367861e+002,5.153193e+000
8.377504e+002,4.756056e+000
8.387146e+002,4.459389e+000
8.396788e+002,3.963013e+000
8.406431e+002,3.095198e+000
8.416073e+002,2.143539e+000
8.425715e+002,1.463627e+000
8.435358e+002,1.119819e+000
8.445000e+002,1.054333e+000
8.454642e+002,1.287443e+000
8.464285e+002,1.805769e+000
8.473927e+002,2.457379e+000
8.483569e+002,3.011586e+000
8.493212e+002,3.484188e+000
8.502854e+002,3.997310e+000
8.512496e+002,4.300701e+000
8.522139e+002,3.955570e+000
8.531781e+002,3.117634e+000
8.541423e+002,2.345256e+000
8.551066e+002,1.995884e+000
8.560708e+002,1.936672e+000
8.570350e+002,1.873756e+000
8.579993e+002,1.748516e+000
8.589635e+002,1.617409e+000
8.599277e+002,1.669189e+000
8.608920e+002,2.141644e+000
8.618562e+002,2.955363e+000
8.628204e+002,3.827480e+000
8.637847e+002,4.328858e+000
8.647489e+002,4.266041e+000
8.657131e+002,3.818942e+000
8.666774e+002,3.421381e+000
8.676416e+002,3.331168e+000
8.686058e+002,3.419711e+000
8.695701e+002,3.436605e+000
8.705343e+002,3.086663e+000
8.714985e+002,2.290308e+000
8.724628e+002,1.429964e+000
8.734270e+002,9.970050e-001
8.743912e+002,1.205515e+000
8.753555e+002,1.787287e+000
8.763197e+002,2.372299e+000
8.772839e+002,2.764028e+000
8.782482e+002,2.984955e+000
8.792124e+002,3.187020e+000
8.801766e+002,3.480873e+000
8.811409e+002,3.952167e+000
8.821051e+002,4.497707e+000
8.830693e+002,4.871503e+000
8.840336e+002,4.870793e+000
8.849978e+002,4.659443e+000
8.859620e+002,4.607724e+000
8.869263e+002,4.710340e+000
8.878905e+002,4.768538e+000
8.888547e+002,4.674734e+000
8.898190e+002,4.438823e+000
8.907832e+002,4.128904e+000
8.917474e+002,3.863343e+000
8.927117e+002,3.822624e+000
8.936759e+002,4.000201e+000
8.946401e+002,4.316218e+000
8.956044e+002,4.662367e+000
8.965686e+002,4.980897e+000
8.975328e+002,5.246751e+000
8.984971e+002,5.528831e+000
8.994613e+002,5.909579e+000
9.004255e+002,6.266705e+000
9.013898e+002,6.431325e+000
9.023540e+002,6.407574e+000
9.033182e+002,6.354210e+000
9.042825e+002,6.520723e+000
9.052467e+002,6.961424e+000
9.062109e+002,7.557967e+000
9.071752e+002,8.124466e+000
9.081394e+002,8.604326e+000
9.091036e+002,8.980688e+000
9.100679e+002,9.218298e+000
9.110321e+002,9.320889e+000
9.119963e+002,9.353117e+000
9.129606e+002,9.279836e+000
9.139248e+002,8.908653e+000
9.148890e+002,8.197392e+000
9.158533e+002,7.362565e+000
9.168175e+002,6.637388e+000
9.177817e+002,6.034895e+000
9.187460e+002,5.425990e+000
9.197102e+002,4.825285e+000
9.206744e+002,4.396018e+000
9.216387e+002,4.227236e+000
9.226029e+002,4.243379e+000
9.235671e+002,4.342608e+000
9.245314e+002,4.478467e+000
9.254956e+002,4.626117e+000
9.264598e+002,4.714071e+000
9.274241e+002,4.635542e+000
9.283883e+002,4.389985e+000
9.293525e+002,4.061372e+000
9.303168e+002,3.652883e+000
9.312810e+002,3.166451e+000
9.322452e+002,2.729761e+000
9.332095e+002,2.514889e+000
9.341737e+002,2.669637e+000
9.351379e+002,3.175340e+000
9.361022e+002,3.883670e+000
9.370664e+002,4.706239e+000
9.380306e+002,5.576683e+000
9.389949e+002,6.150007e+000
9.399591e+002,6.105652e+000
9.409233e+002,5.557170e+000
9.418876e+002,4.839213e+000
9.428518e+002,4.217947e+000
9.438160e+002,3.762686e+000
9.447803e+002,3.560585e+000
9.457445e+002,3.534415e+000
9.467087e+002,3.591388e+000
9.476730e+002,3.795573e+000
9.486372e+002,4.252507e+000
9.496014e+002,4.969977e+000
9.505657e+002,5.714411e+000
9.515299e+002,6.251260e+000
9.524941e+002,6.277151e+000
9.534584e+002,5.838871e+000
9.544226e+002,5.299087e+000
9.553868e+002,5.091496e+000
9.563511e+002,5.480405e+000
9.573153e+002,6.156227e+000
9.582795e+002,6.745916e+000
9.592438e+002,7.014563e+000
9.602080e+002,7.277902e+000
9.611722e+002,7.953423e+000
9.621365e+002,9.139074e+000
9.631007e+002,1.071720e+001
9.640649e+002,1.249154e+001
9.650292e+002,1.446111e+001
9.659934e+002,1.657845e+001
9.669576e+002,1.879423e+001
9.679219e+002,2.114093e+001
9.688861e+002,2.367633e+001
9.698503e+002,2.613567e+001
9.708146e+002,2.792166e+001
9.717788e+002,2.882395e+001
9.727430e+002,2.905623e+001
9.737073e+002,2.885916e+001
9.746715e+002,2.816363e+001
9.756357e+002,2.680975e+001
9.766000e+002,2.490835e+001
9.775642e+002,2.267944e+001
9.785284e+002,2.037146e+001
9.794927e+002,1.819721e+001
9.804569e+002,1.620064e+001
9.814211e+002,1.429440e+001
9.823854e+002,1.231466e+001
9.833496e+002,1.044382e+001
9.843138e+002,8.863172e+000
9.852781e+002,7.746419e+000
9.862423e+002,7.202787e+000
9.872065e+002,7.113223e+000
9.881708e+002,7.157601e+000
9.891350e+002,7.032807e+000
9.900992e+002,6.963291e+000
9.910635e+002,7.252492e+000
9.920277e+002,7.929280e+000
9.929919e+002,8.656645e+000
9.939562e+002,8.907717e+000
9.949204e+002,8.759300e+000
9.958846e+002,8.520775e+000
9.968489e+002,8.515707e+000
9.978131e+002,8.759624e+000
9.987773e+002,9.279778e+000
9.997416e+002,9.984678e+000
1.000706e+003,1.062859e+001
1.001670e+003,1.105786e+001
1.002634e+003,1.141196e+001
1.003599e+003,1.222800e+001
1.004563e+003,1.381855e+001
1.005527e+003,1.601209e+001
1.006491e+003,1.853275e+001
1.007455e+003,2.137479e+001
1.008420e+003,2.469562e+001
1.009384e+003,2.812854e+001
1.010348e+003,3.110429e+001
1.011312e+003,3.332903e+001
1.012277e+003,3.469628e+001
1.013241e+003,3.489612e+001
1.014205e+003,3.368710e+001
1.015169e+003,3.117330e+001
1.016134e+003,2.784594e+001
1.017098e+003,2.430761e+001
1.018062e+003,2.084759e+001
1.019026e+003,1.752677e+001
1.019990e+003,1.453683e+001
1.020955e+003,1.219632e+001
1.021919e+003,1.057681e+001
1.022883e+003,9.414066e+000
1.023847e+003,8.566445e+000
1.024812e+003,8.116725e+000
1.025776e+003,8.044655e+000
1.026740e+003,8.068571e+000
1.027704e+003,8.084842e+000
1.028669e+003,8.233588e+000
1.029633e+003,8.698598e+000
1.030597e+003,9.337898e+000
1.031561e+003,9.766972e+000
1.032526e+003,9.903166e+000
1.033490e+003,9.929480e+000
1.034454e+003,9.996077e+000
1.035418e+003,1.003222e+001
1.036382e+003,9.836098e+000
1.037347e+003,9.461226e+000
1.038311e+003,9.019065e+000
1.039275e+003,8.631174e+000
1.040239e+003,8.475051e+000
1.041204e+003,8.331547e+000
1.042168e+003,7.729670e+000
1.043132e+003,6.307490e+000
1.044096e+003,4.586648e+000
1.045061e+003,3.030657e+000
1.046025e+003,1.936413e+000
1.046989e+003,1.440891e+000
1.047953e+003,1.465991e+000
1.048917e+003,1.805756e+000
1.049882e+003,2.386107e+000
1.050846e+003,3.237547e+000
1.051810e+003,4.294777e+000
1.052774e+003,5.542684e+000
1.053739e+003,6.904316e+000
1.054703e+003,7.896738e+000
1.055667e+003,8.109538e+000
1.056631e+003,7.692058e+000
1.057596e+003,7.337972e+000
1.058560e+003,7.199356e+000
1.059524e+003,7.295622e+000
1.060488e+003,7.625334e+000
1.061453e+003,8.048946e+000
1.062417e+003,8.239176e+000
1.063381e+003,8.070354e+000
1.064345e+003,7.622472e+000
1.065309e+003,7.041006e+000
1.066274e+003,6.522851e+000
1.067238e+003,6.291369e+000
1.068202e+003,6.384966e+000
1.069166e+003,6.584283e+000
1.070131e+003,6.778705e+000
1.071095e+003,6.970047e+000
1.072059e+003,7.183546e+000
1.073023e+003,7.405576e+000
1.073988e+003,7.572742e+000
1.074952e+003,7.567099e+000
1.075916e+003,7.294951e+000
1.076880e+003,6.885577e+000
1.077844e+003,6.507369e+000
1.078809e+003,6.265262e+000
1.079773e+003,6.208182e+000
1.080737e+003,6.351466e+000
1.081701e+003,6.527348e+000
1.082666e+003,6.627860e+000
1.083630e+003,6.743619e+000
1.084594e+003,6.920763e+000
1.085558e+003,7.056812e+000
1.086523e+003,6.987966e+000
1.087487e+003,6.679290e+000
1.088451e+003,6.227709e+000
1.089415e+003,5.798661e+000
1.090380e+003,5.516171e+000
1.091344e+003,5.367006e+000
1.092308e+003,5.303455e+000
1.093272e+003,5.293654e+000
1.094236e+003,5.228518e+000
1.095201e+003,5.027091e+000
1.096165e+003,4.813590e+000
1.097129e+003,4.734691e+000
1.098093e+003,4.741639e+000
1.099058e+003,4.655024e+000
1.100022e+003,4.369491e+000
1.100986e+003,4.027849e+000
1.101950e+003,3.825396e+000
1.102915e+003,3.874278e+000
1.103879e+003,4.119605e+000
1.104843e+003,4.486300e+000
1.105807e+003,4.938558e+000
1.106771e+003,5.451651e+000
1.107736e+003,5.915140e+000
1.108700e+003,6.174922e+000
1.109664e+003,6.114237e+000
1.110628e+003,5.927196e+000
1.111593e+003,5.805684e+000
1.112557e+003,5.642112e+000
1.113521e+003,5.233684e+000
1.114485e+003,4.566977e+000
1.115450e+003,3.988759e+000
1.116414e+003,3.673151e+000
1.117378e+003,3.529490e+000
1.118342e+003,3.488523e+000
1.119307e+003,3.543591e+000
1.120271e+003,3.709442e+000
1.121235e+003,3.934317e+000
1.122199e+003,4.078158e+000
1.123163e+003,4.112613e+000
1.124128e+003,4.297056e+000
1.125092e+003,4.725397e+000
1.126056e+003,5.206744e+000
1.127020e+003,5.559286e+000
1.127985e+003,5.817390e+000
1.128949e+003,6.178514e+000
1.129913e+003,6.546629e+000
1.130877e+003,6.741828e+000
1.131842e+003,6.647614e+000
1.132806e+003,6.270440e+000
1.133770e+003,5.678332e+000
1.134734e+003,4.916124e+000
1.135698e+003,4.104902e+000
1.136663e+003,3.476255e+000
1.137627e+003,3.234685e+000
1.138591e+003,3.516467e+000
1.139555e+003,4.249406e+000
1.140520e+003,5.140534e+000
1.141484e+003,5.788846e+000
1.142448e+003,6.233779e+000
1.143412e+003,6.683168e+000
1.144377e+003,7.142291e+000
1.145341e+003,7.462059e+000
1.146305e+003,7.552229e+000
1.147269e+003,7.536426e+000
1.148234e+003,7.629563e+000
1.149198e+003,7.880026e+000
1.150162e+003,8.176786e+000
1.151126e+003,8.405515e+000
1.152090e+003,8.688618e+000
1.153055e+003,9.043230e+000
1.154019e+003,9.084162e+000
1.154983e+003,8.609686e+000
1.155947e+003,8.094407e+000
1.156912e+003,7.991169e+000
1.157876e+003,8.361345e+000
1.158840e+003,8.883183e+000
1.159804e+003,9.408421e+000
1.160769e+003,1.003431e+001
1.161733e+003,1.077432e+001
1.162697e+003,1.139098e+001
1.163661e+003,1.169869e+001
1.164625e+003,1.176946e+001
1.165590e+003,1.183184e+001
1.166554e+003,1.188281e+001
1.167518e+003,1.172441e+001
1.168482e+003,1.149841e+001
1.169447e+003,1.142373e+001
1.170411e+003,1.147042e+001
1.171375e+003,1.147552e+001
1.172339e+003,1.135220e+001
1.173304e+003,1.144047e+001
1.174268e+003,1.164434e+001
1.175232e+003,1.160099e+001
1.176196e+003,1.127872e+001
1.177161e+003,1.094738e+001
1.178125e+003,1.095114e+001
1.179089e+003,1.142603e+001
1.180053e+003,1.237027e+001
1.181017e+003,1.400431e+001
1.181982e+003,1.645801e+001
1.182946e+003,1.959479e+001
1.183910e+003,2.331265e+001
1.184874e+003,2.774716e+001
1.185839e+003,3.246144e+001
1.186803e+003,3.688405e+001
1.187767e+003,4.007077e+001
1.188731e+003,4.146433e+001
1.189696e+003,4.118042e+001
1.190660e+003,3.957839e+001
1.191624e+003,3.686082e+001
1.192588e+003,3.321330e+001
1.193552e+003,2.900214e+001
1.194517e+003,2.478238e+001
1.195481e+003,2.091014e+001
1.196445e+003,1.770883e+001
1.197409e+003,1.544578e+001
1.198374e+003,1.408528e+001
1.199338e+003,1.308051e+001
1.200302e+003,1.220228e+001
1.201266e+003,1.135248e+001
1.202231e+003,1.055694e+001
1.203195e+003,9.857320e+000
1.204159e+003,9.289330e+000
1.205123e+003,8.814305e+000
1.206088e+003,8.486691e+000
1.207052e+003,8.288675e+000
1.208016e+003,8.170363e+000
1.208980e+003,8.111277e+000
1.209944e+003,8.112905e+000
1.210909e+003,7.988372e+000
1.211873e+003,7.572835e+000
1.212837e+003,6.909194e+000
1.213801e+003,6.108470e+000
1.214766e+003,5.365057e+000
1.215730e+003,4.792552e+000
1.216694e+003,4.372345e+000
1.217658e+003,4.172256e+000
1.218623e+003,4.261459e+000
1.219587e+003,4.674242e+000
1.220551e+003,5.395199e+000
1.221515e+003,6.357434e+000
1.222479e+003,7.334135e+000
1.223444e+003,8.118480e+000
1.224408e+003,8.579885e+000
1.225372e+003,8.791605e+000
1.226336e+003,8.857429e+000
1.227301e+003,8.751872e+000
1.228265e+003,8.489658e+000
1.229229e+003,8.133285e+000
1.230193e+003,7.822340e+000
1.231158e+003,7.775320e+000
1.232122e+003,8.072941e+000
1.233086e+003,8.670835e+000
1.234050e+003,9.473927e+000
1.235015e+003,1.036432e+001
1.235979e+003,1.126225e+001
1.236943e+003,1.225893e+001
1.237907e+003,1.328102e+001
1.238871e+003,1.415932e+001
1.239836e+003,1.494836e+001
1.240800e+003,1.579250e+001
1.241764e+003,1.667930e+001
1.242728e+003,1.732845e+001
1.243693e+003,1.763690e+001
1.244657e+003,1.776793e+001
1.245621e+003,1.785062e+001
1.246585e+003,1.792436e+001
1.247550e+003,1.803523e+001
1.248514e+003,1.823088e+001
1.249478e+003,1.848818e+001
1.250442e+003,1.873271e+001
1.251406e+003,1.885097e+001
1.252371e+003,1.896593e+001
1.253335e+003,1.916537e+001
1.254299e+003,1.921367e+001
1.255263e+003,1.899968e+001
1.256228e+003,1.858303e+001
1.257192e+003,1.820415e+001
1.258156e+003,1.786883e+001
1.259120e+003,1.745138e+001
1.260085e+003,1.717802e+001
1.261049e+003,1.723526e+001
1.262013e+003,1.759095e+001
1.262977e+003,1.812298e+001
1.263942e+003,1.873715e+001
1.264906e+003,1.917381e+001
1.265870e+003,1.925028e+001
1.266834e+003,1.895104e+001
1.267798e+003,1.850686e+001
1.268763e+003,1.822817e+001
1.269727e+003,1.807239e+001
1.270691e+003,1.788965e+001
1.271655e+003,1.757233e+001
1.272620e+003,1.726282e+001
1.273584e+003,1.718107e+001
1.274548e+003,1.726126e+001
1.275512e+003,1.726427e+001
1.276477e+003,1.693102e+001
1.277441e+003,1.622713e+001
1.278405e+003,1.527979e+001
1.279369e+003,1.445437e+001
1.280333e+003,1.384299e+001
1.281298e+003,1.338189e+001
1.282262e+003,1.285111e+001
1.283226e+003,1.213618e+001
1.284190e+003,1.143472e+001
1.285155e+003,1.101434e+001
1.286119e+003,1.085410e+001
1.287083e+003,1.065513e+001
1.288047e+003,1.025374e+001
1.289012e+003,9.692533e+000
1.289976e+003,9.194736e+000
1.290940e+003,8.949269e+000
1.291904e+003,8.967533e+000
1.292869e+003,9.147362e+000
1.293833e+003,9.302696e+000
1.294797e+003,9.480921e+000
1.295761e+003,9.796331e+000
1.296725e+003,1.037456e+001
1.297690e+003,1.107363e+001
1.298654e+003,1.166696e+001
1.299618e+003,1.189347e+001
1.300582e+003,1.166116e+001
1.301547e+003,1.106709e+001
1.302511e+003,1.034751e+001
1.303475e+003,9.628517e+000
1.304439e+003,8.722997e+000
1.305404e+003,7.474810e+000
1.306368e+003,6.111410e+000
1.307332e+003,5.004974e+000
1.308296e+003,4.361978e+000
1.309260e+003,4.323958e+000
1.310225e+003,4.932699e+000
1.311189e+003,5.633355e+000
1.312153e+003,5.955538e+000
1.313117e+003,5.964428e+000
1.314082e+003,5.964084e+000
1.315046e+003,6.056036e+000
1.316010e+003,6.108589e+000
1.316974e+003,5.994913e+000
1.317939e+003,5.682299e+000
1.318903e+003,5.218081e+000
1.319867e+003,4.819640e+000
1.320831e+003,4.645978e+000
1.321796e+003,4.789971e+000
1.322760e+003,5.424507e+000
1.323724e+003,6.461167e+000
1.324688e+003,7.258830e+000
1.325652e+003,7.366293e+000
1.326617e+003,7.142963e+000
1.327581e+003,6.956125e+000
1.328545e+003,6.889399e+000
1.329509e+003,6.893846e+000
1.330474e+003,7.050298e+000
1.331438e+003,7.350277e+000
1.332402e+003,7.760395e+000
1.333366e+003,8.160543e+000
1.334331e+003,8.459300e+000
1.335295e+003,8.766462e+000
1.336259e+003,9.276909e+000
1.337223e+003,9.795485e+000
1.338188e+003,9.883722e+000
1.339152e+003,9.464648e+000
1.340116e+003,9.024344e+000
1.341080e+003,8.881555e+000
1.342044e+003,9.128683e+000
1.343009e+003,9.794102e+000
1.343973e+003,1.072009e+001
1.344937e+003,1.159182e+001
1.345901e+003,1.224283e+001
1.346866e+003,1.267239e+001
1.347830e+003,1.297978e+001
1.348794e+003,1.320161e+001
1.349758e+003,1.334378e+001
1.350723e+003,1.334612e+001
1.351687e+003,1.319669e+001
1.352651e+003,1.303447e+001
1.353615e+003,1.303840e+001
1.354579e+003,1.325914e+001
1.355544e+003,1.356936e+001
1.356508e+003,1.379537e+001
1.357472e+003,1.396041e+001
1.358436e+003,1.425921e+001
1.359401e+003,1.467918e+001
1.360365e+003,1.512643e+001
1.361329e+003,1.542215e+001
1.362293e+003,1.546158e+001
1.363258e+003,1.523769e+001
1.364222e+003,1.512523e+001
1.365186e+003,1.544322e+001
1.366150e+003,1.613346e+001
1.367115e+003,1.692573e+001
1.368079e+003,1.761287e+001
1.369043e+003,1.802088e+001
1.370007e+003,1.820280e+001
1.370971e+003,1.862254e+001
1.371936e+003,1.959576e+001
1.372900e+003,2.074432e+001
1.373864e+003,2.166308e+001
1.374828e+003,2.234377e+001
1.375793e+003,2.298071e+001
1.376757e+003,2.369886e+001
1.377721e+003,2.478535e+001
1.378685e+003,2.618573e+001
1.379650e+003,2.740445e+001
1.380614e+003,2.802928e+001
1.381578e+003,2.782556e+001
1.382542e+003,2.655482e+001
1.383506e+003,2.451772e+001
1.384471e+003,2.246632e+001
1.385435e+003,2.071883e+001
1.386399e+003,1.902144e+001
1.387363e+003,1.727850e+001
1.388328e+003,1.556026e+001
1.389292e+003,1.382886e+001
1.390256e+003,1.240205e+001
1.391220e+003,1.167289e+001
1.392185e+003,1.169745e+001
1.393149e+003,1.205722e+001
1.394113e+003,1.247686e+001
1.395077e+003,1.285726e+001
1.396042e+003,1.319337e+001
1.397006e+003,1.371177e+001
1.397970e+003,1.451600e+001
1.398934e+003,1.538972e+001
1.399898e+003,1.608633e+001
1.400863e+003,1.651704e+001
1.401827e+003,1.663338e+001
1.402791e+003,1.660278e+001
1.403755e+003,1.648265e+001
1.404720e+003,1.613346e+001
1.405684e+003,1.586254e+001
1.406648e+003,1.601772e+001
1.407612e+003,1.672859e+001
1.408577e+003,1.768033e+001
1.409541e+003,1.857974e+001
1.410505e+003,1.928929e+001
1.411469e+003,1.974416e+001
1.412433e+003,1.992794e+001
1.413398e+003,1.975190e+001
1.414362e+003,1.932728e+001
1.415326e+003,1.877839e+001
1.416290e+003,1.813956e+001
1.417255e+003,1.716805e+001
1.418219e+003,1.610287e+001
1.419183e+003,1.552701e+001
1.420147e+003,1.555410e+001
1.421112e+003,1.579218e+001
1.422076e+003,1.580939e+001
1.423040e+003,1.570344e+001
1.424004e+003,1.575340e+001
1.424969e+003,1.572323e+001
1.425933e+003,1.503770e+001
1.426897e+003,1.356200e+001
1.427861e+003,1.194973e+001
1.428825e+003,1.075848e+001
1.429790e+003,1.010623e+001
1.430754e+003,1.004988e+001
1.431718e+003,1.032449e+001
1.432682e+003,1.046601e+001
1.433647e+003,1.040957e+001
1.434611e+003,1.051035e+001
1.435575e+003,1.093538e+001
1.436539e+003,1.170589e+001
1.437504e+003,1.272030e+001
1.438468e+003,1.330690e+001
1.439432e+003,1.289362e+001
1.440396e+003,1.185783e+001
1.441360e+003,1.090116e+001
1.442325e+003,1.029277e+001
1.443289e+003,9.975739e+000
1.444253e+003,9.925827e+000
1.445217e+003,9.770090e+000
1.446182e+003,9.351208e+000
1.447146e+003,9.012996e+000
1.448110e+003,9.242023e+000
1.449074e+003,9.836713e+000
1.450039e+003,1.033932e+001
1.451003e+003,1.057045e+001
1.451967e+003,1.044685e+001
1.452931e+003,1.005278e+001
1.453896e+003,9.528988e+000
1.454860e+003,8.931770e+000
1.455824e+003,8.523737e+000
1.456788e+003,8.525286e+000
1.457752e+003,8.823644e+000
1.458717e+003,9.039873e+000
1.459681e+003,9.221516e+000
1.460645e+003,9.730692e+000
1.461609e+003,1.058345e+001
1.462574e+003,1.125468e+001
1.463538e+003,1.135221e+001
1.464502e+003,1.121011e+001
1.465466e+003,1.107396e+001
1.466431e+003,1.107747e+001
1.467395e+003,1.122227e+001
1.468359e+003,1.151111e+001
1.469323e+003,1.178150e+001
1.470287e+003,1.186385e+001
1.471252e+003,1.164245e+001
1.472216e+003,1.111881e+001
1.473180e+003,1.065240e+001
1.474144e+003,1.058327e+001
1.475109e+003,1.056497e+001
1.476073e+003,1.017037e+001
1.477037e+003,9.353082e+000
1.478001e+003,8.410238e+000
1.478966e+003,7.500292e+000
1.479930e+003,6.934655e+000
1.480894e+003,6.790618e+000
1.481858e+003,6.840114e+000
1.482823e+003,6.832824e+000
1.483787e+003,6.722070e+000
1.484751e+003,6.388933e+000
1.485715e+003,6.081017e+000
1.486679e+003,6.258065e+000
1.487644e+003,6.868411e+000
1.488608e+003,7.086912e+000
1.489572e+003,6.538941e+000
1.490536e+003,5.749284e+000
1.491501e+003,5.121833e+000
1.492465e+003,4.732251e+000
1.493429e+003,4.600943e+000
1.494393e+003,4.596979e+000
1.495358e+003,4.531136e+000
1.496322e+003,4.354367e+000
1.497286e+003,4.020020e+000
1.498250e+003,3.607613e+000
1.499214e+003,3.688644e+000
1.500179e+003,4.476281e+000
1.501143e+003,5.235983e+000
1.502107e+003,5.266261e+000
1.503071e+003,4.861193e+000
1.504036e+003,4.770576e+000
1.505000e+003,5.109380e+000
1.505964e+003,5.756976e+000
1.506928e+003,6.557760e+000
1.507893e+003,7.250876e+000
1.508857e+003,7.707932e+000
1.509821e+003,7.961384e+000
1.510785e+003,8.086296e+000
1.511750e+003,8.296370e+000
1.512714e+003,8.837247e+000
1.513678e+003,9.529104e+000
1.514642e+003,9.901318e+000
1.515606e+003,9.876005e+000
1.516571e+003,9.643297e+000
1.517535e+003,9.384247e+000
1.518499e+003,9.326144e+000
1.519463e+003,9.586250e+000
1.520428e+003,1.009255e+001
1.521392e+003,1.070152e+001
1.522356e+003,1.124801e+001
1.523320e+003,1.149483e+001
1.524284e+003,1.148415e+001
1.525249e+003,1.152668e+001
1.526213e+003,1.158337e+001
1.527177e+003,1.123589e+001
1.528141e+003,1.015929e+001
1.529106e+003,8.766168e+000
1.530070e+003,7.392753e+000
1.531034e+003,6.088154e+000
1.531998e+003,4.920583e+000
1.532963e+003,3.886543e+000
1.533927e+003,2.956025e+000
1.534891e+003,2.178983e+000
1.535855e+003,1.576472e+000
1.536820e+003,1.214970e+000
1.537784e+003,1.341906e+000
1.538748e+003,2.129969e+000
1.539712e+003,2.939140e+000
1.540677e+003,3.294984e+000
1.541641e+003,3.339994e+000
1.542605e+003,3.626725e+000
1.543569e+003,4.216040e+000
1.544533e+003,5.060564e+000
1.545498e+003,5.875886e+000
1.546462e+003,6.194878e+000
1.547426e+003,5.774621e+000
1.548390e+003,4.953137e+000
1.549354e+003,4.018590e+000
1.550319e+003,3.355418e+000
1.551283e+003,3.228525e+000
1.552247e+003,3.439398e+000
1.553211e+003,3.346045e+000
1.554176e+003,2.981858e+000
1.555140e+003,2.633016e+000
1.556104e+003,2.575813e+000
1.557068e+003,3.155656e+000
1.558033e+003,4.487560e+000
1.558997e+003,5.601199e+000
1.559961e+003,5.851009e+000
1.560925e+003,5.473580e+000
1.561890e+003,5.023641e+000
1.562854e+003,4.748438e+000
1.563818e+003,4.930961e+000
1.564782e+003,5.427499e+000
1.565747e+003,5.802710e+000
1.566711e+003,5.886238e+000
1.567675e+003,5.969019e+000
1.568639e+003,6.242675e+000
1.569604e+003,6.481191e+000
1.570568e+003,6.575894e+000
1.571532e+003,6.525322e+000
1.572496e+003,6.173108e+000
1.573460e+003,5.633422e+000
1.574425e+003,5.051192e+000
1.575389e+003,4.752526e+000
1.576353e+003,5.123195e+000
1.577317e+003,6.156864e+000
1.578281e+003,7.064932e+000
1.579246e+003,7.465065e+000
1.580210e+003,7.711726e+000
1.581174e+003,8.119090e+000
1.582138e+003,8.443442e+000
1.583103e+003,8.177156e+000
1.584067e+003,7.549574e+000
1.585031e+003,7.037764e+000
1.585995e+003,6.827598e+000
1.586960e+003,6.699256e+000
1.587924e+003,6.654109e+000
1.588888e+003,7.278817e+000
1.589852e+003,8.633551e+000
1.590817e+003,9.929680e+000
1.591781e+003,1.029989e+001
1.592745e+003,1.006836e+001
1.593709e+003,9.814697e+000
1.594674e+003,9.451071e+000
1.595638e+003,8.706439e+000
1.596602e+003,7.529603e+000
1.597566e+003,6.104282e+000
1.598531e+003,4.663088e+000
1.599495e+003,3.462241e+000
1.600459e+003,2.750782e+000
1.601423e+003,2.876184e+000
1.602387e+003,4.212660e+000
1.603352e+003,5.793210e+000
1.604316e+003,6.799287e+000
1.605280e+003,7.481670e+000
1.606244e+003,8.570072e+000
1.607208e+003,9.986938e+000
1.608173e+003,1.111445e+001
1.609137e+003,1.172102e+001
1.610101e+003,1.181161e+001
1.611065e+003,1.145257e+001
1.612030e+003,1.081489e+001
1.612994e+003,1.011353e+001
1.613958e+003,9.616024e+000
1.614922e+003,9.509426e+000
1.615887e+003,9.771660e+000
1.616851e+003,9.952906e+000
1.617815e+003,9.918814e+000
1.618779e+003,9.704208e+000
1.619744e+003,9.685425e+000
1.620708e+003,1.006003e+001
1.621672e+003,1.069678e+001
1.622636e+003,1.104101e+001
1.623601e+003,1.092292e+001
1.624565e+003,1.060925e+001
1.625529e+003,1.033542e+001
1.626493e+003,9.980272e+000
1.627458e+003,9.332983e+000
1.628422e+003,8.841599e+000
1.629386e+003,8.911784e+000
1.630350e+003,9.319828e+000
1.631314e+003,9.111000e+000
1.632279e+003,8.080379e+000
1.633243e+003,7.011930e+000
1.634207e+003,6.340981e+000
1.635171e+003,5.812116e+000
1.636135e+003,4.986440e+000
1.637100e+003,4.123063e+000
1.638064e+003,3.593571e+000
1.639028e+003,3.337661e+000
1.639992e+003,3.017355e+000
1.640957e+003,2.701046e+000
1.641921e+003,3.000814e+000
1.642885e+003,3.868186e+000
1.643849e+003,4.772432e+000
1.644814e+003,5.362592e+000
1.645778e+003,5.847423e+000
1.646742e+003,6.342160e+000
1.647706e+003,6.553336e+000
1.648671e+003,6.372983e+000
1.649635e+003,5.944523e+000
1.650599e+003,5.343553e+000
1.651563e+003,4.849669e+000
1.652528e+003,4.677672e+000
1.653492e+003,4.785478e+000
1.654456e+003,5.119688e+000
1.655420e+003,5.585426e+000
1.656385e+003,5.982210e+000
1.657349e+003,6.304715e+000
1.658313e+003,6.683952e+000
1.659277e+003,7.194023e+000
1.660241e+003,7.734272e+000
1.661206e+003,8.091217e+000
1.662170e+003,8.203552e+000
1.663134e+003,8.209085e+000
1.664098e+003,8.265133e+000
1.665063e+003,8.584629e+000
1.666027e+003,9.185455e+000
1.666991e+003,9.921612e+000
1.667955e+003,1.048320e+001
1.668919e+003,1.051605e+001
1.669884e+003,9.924896e+000
1.670848e+003,9.165760e+000
1.671812e+003,8.427332e+000
1.672776e+003,7.449417e+000
1.673741e+003,6.098679e+000
1.674705e+003,4.821508e+000
1.675669e+003,3.882276e+000
1.676633e+003,3.326482e+000
1.677598e+003,3.221300e+000
1.678562e+003,3.449718e+000
1.679526e+003,3.787768e+000
1.680490e+003,4.262542e+000
1.681455e+003,4.840332e+000
1.682419e+003,5.431883e+000
1.683383e+003,6.031193e+000
1.684347e+003,6.698031e+000
1.685312e+003,7.243031e+000
1.686276e+003,7.368164e+000
1.687240e+003,7.067306e+000
1.688204e+003,6.747233e+000
1.689168e+003,6.672431e+000
1.690133e+003,6.927843e+000
1.691097e+003,7.068787e+000
1.692061e+003,6.604498e+000
1.693025e+003,5.744442e+000
1.693990e+003,5.461307e+000
1.694954e+003,5.840041e+000
1.695918e+003,6.175113e+000
1.696882e+003,6.173285e+000
1.697846e+003,6.089539e+000
1.698811e+003,6.152050e+000
1.699775e+003,6.356424e+000
1.700739e+003,6.508024e+000
1.701703e+003,6.363281e+000
1.702668e+003,5.929733e+000
1.703632e+003,5.480206e+000
1.704596e+003,4.956206e+000
1.705560e+003,4.404343e+000
1.706525e+003,4.251267e+000
1.707489e+003,4.674066e+000
1.708453e+003,4.966331e+000
1.709417e+003,4.694350e+000
1.710382e+003,4.191702e+000
1.711346e+003,3.817071e+000
1.712310e+003,3.584914e+000
1.713274e+003,3.478088e+000
1.714239e+003,3.457479e+000
1.715203e+003,3.303884e+000
1.716167e+003,2.910344e+000
1.717131e+003,2.482368e+000
1.718095e+003,2.547479e+000
1.719060e+003,3.417593e+000
1.720024e+003,4.657192e+000
1.720988e+003,5.768877e+000
1.721952e+003,6.464046e+000
1.722917e+003,6.599412e+000
1.723881e+003,6.332928e+000
1.724845e+003,6.005097e+000
1.725809e+003,5.701967e+000
1.726773e+003,5.219137e+000
1.727738e+003,4.523411e+000
1.728702e+003,3.512376e+000
1.729666e+003,2.109007e+000
1.730630e+003,6.690602e-001
1.731595e+003,0.000000e+000
1.732559e+003,2.949576e-001
1.733523e+003,9.202628e-001
1.734487e+003,1.498300e+000
1.735452e+003,1.874108e+000
1.736416e+003,2.104585e+000
1.737380e+003,2.596230e+000
1.738344e+003,3.537101e+000
1.739309e+003,4.588260e+000
1.740273e+003,5.342008e+000
1.741237e+003,5.793494e+000
1.742201e+003,6.007390e+000
1.743166e+003,5.969706e+000
1.744130e+003,5.804910e+000
1.745094e+003,5.660999e+000
1.746058e+003,5.626633e+000
1.747022e+003,5.664681e+000
1.747987e+003,5.620664e+000
1.748951e+003,5.510947e+000
1.749915e+003,5.509263e+000
1.750879e+003,5.655065e+000
1.751844e+003,5.728820e+000
1.752808e+003,5.711719e+000
1.753772e+003,5.787212e+000
1.754736e+003,6.061273e+000
1.755700e+003,6.389070e+000
1.756665e+003,6.703586e+000
1.757629e+003,7.390182e+000
1.758593e+003,8.673217e+000
1.759557e+003,1.032072e+001
1.760522e+003,1.197043e+001
1.761486e+003,1.349482e+001
1.762450e+003,1.483426e+001
1.763414e+003,1.596890e+001
1.764379e+003,1.682604e+001
1.765343e+003,1.735437e+001
1.766307e+003,1.767860e+001
1.767271e+003,1.798999e+001
1.768236e+003,1.834430e+001
1.769200e+003,1.884311e+001
1.770164e+003,1.993421e+001
1.771128e+003,2.177634e+001
1.772093e+003,2.375002e+001
1.773057e+003,2.524170e+001
1.774021e+003,2.623330e+001
1.774985e+003,2.683958e+001
1.775949e+003,2.678223e+001
1.776914e+003,2.594902e+001
1.777878e+003,2.439418e+001
1.778842e+003,2.224006e+001
1.779806e+003,1.955229e+001
1.780771e+003,1.650308e+001
1.781735e+003,1.348187e+001
1.782699e+003,1.094454e+001
1.783663e+003,9.076595e+000
1.784627e+003,7.452882e+000
1.785592e+003,5.967814e+000
1.786556e+003,5.118890e+000
1.787520e+003,5.177420e+000
1.788484e+003,5.694324e+000
1.789449e+003,6.106355e+000
1.790413e+003,6.254060e+000
1.791377e+003,6.149146e+000
1.792341e+003,5.878203e+000
1.793306e+003,5.482140e+000
1.794270e+003,4.814047e+000
1.795234e+003,3.986050e+000
1.796198e+003,3.182700e+000
1.797163e+003,2.465683e+000
1.798127e+003,1.781205e+000
1.799091e+003,1.382668e+000
1.800055e+003,1.469777e+000
1.801020e+003,1.797774e+000
1.801984e+003,2.058715e+000
1.802948e+003,2.298161e+000
1.803912e+003,2.462311e+000
1.804876e+003,2.427542e+000
1.805841e+003,2.233580e+000
1.806805e+003,1.965187e+000
1.807769e+003,1.517338e+000
1.808733e+003,1.373537e+000
1.809698e+003,1.844227e+000
1.810662e+003,2.622734e+000
1.811626e+003,3.157179e+000
1.812590e+003,3.506522e+000
1.813554e+003,3.827367e+000
1.814519e+003,4.235851e+000
1.815483e+003,4.804157e+000
1.816447e+003,5.361809e+000
1.817411e+003,5.490022e+000
1.818376e+003,5.074256e+000
1.819340e+003,4.333174e+000
1.820304e+003,3.502280e+000
1.821268e+003,2.694767e+000
1.822233e+003,2.269470e+000
1.823197e+003,2.247692e+000
1.824161e+003,2.298474e+000
1.825125e+003,2.219945e+000
1.826090e+003,2.270226e+000
1.827054e+003,2.503903e+000
1.828018e+003,2.932139e+000
1.828982e+003,3.445183e+000
1.829947e+003,3.779994e+000
1.830911e+003,3.940334e+000
1.831875e+003,4.130321e+000
1.832839e+003,4.404067e+000
1.833803e+003,4.676429e+000
1.834768e+003,4.943900e+000
1.835732e+003,5.525299e+000
1.836696e+003,6.259635e+000
1.837660e+003,6.680923e+000
1.838625e+003,6.564318e+000
1.839589e+003,6.027469e+000
1.840553e+003,5.251609e+000
1.841517e+003,4.343222e+000
1.842481e+003,3.468962e+000
1.843446e+003,2.910420e+000
1.844410e+003,2.871293e+000
1.845374e+003,3.054919e+000
1.846338e+003,3.281550e+000
1.847303e+003,3.504643e+000
1.848267e+003,3.729709e+000
1.849231e+003,4.310705e+000
1.850195e+003,5.069401e+000
1.851160e+003,5.442955e+000
1.852124e+003,5.230919e+000
1.853088e+003,4.807415e+000
1.854052e+003,4.742169e+000
1.855017e+003,4.806717e+000
1.855981e+003,4.797991e+000
1.856945e+003,4.877928e+000
1.857909e+003,5.203194e+000
1.858874e+003,5.375197e+000
1.859838e+003,5.123450e+000
1.860802e+003,4.622282e+000
1.861766e+003,4.306462e+000
1.862730e+003,4.575835e+000
1.863695e+003,5.017187e+000
1.864659e+003,5.077953e+000
1.865623e+003,4.959009e+000
1.866587e+003,5.160723e+000
1.867552e+003,5.730607e+000
1.868516e+003,6.033553e+000
1.869480e+003,5.834719e+000
1.870444e+003,5.375269e+000
1.871408e+003,4.940527e+000
1.872373e+003,4.376023e+000
1.873337e+003,3.545616e+000
1.874301e+003,2.761284e+000
1.875265e+003,2.399010e+000
1.876230e+003,2.645624e+000
1.877194e+003,3.085616e+000
1.878158e+003,3.480195e+000
1.879122e+003,4.109553e+000
1.880087e+003,5.174755e+000
1.881051e+003,6.469333e+000
1.882015e+003,7.626201e+000
1.882979e+003,8.241581e+000
1.883944e+003,8.185016e+000
1.884908e+003,7.668031e+000
1.885872e+003,6.942095e+000
1.886836e+003,6.131524e+000
1.887801e+003,5.523083e+000
1.888765e+003,5.360916e+000
1.889729e+003,5.505480e+000
1.890693e+003,5.438053e+000
1.891657e+003,5.122266e+000
1.892622e+003,4.996746e+000
1.893586e+003,5.243874e+000
1.894550e+003,5.716921e+000
1.895514e+003,5.945756e+000
1.896479e+003,5.692893e+000
1.897443e+003,5.240355e+000
1.898407e+003,5.051586e+000
1.899371e+003,5.193798e+000
1.900335e+003,5.476947e+000
1.901300e+003,5.997072e+000
1.902264e+003,6.707181e+000
1.903228e+003,7.227890e+000
1.904192e+003,7.180758e+000
1.905157e+003,6.713520e+000
1.906121e+003,6.073949e+000
1.907085e+003,5.586207e+000
1.908049e+003,5.551672e+000
1.909014e+003,5.605721e+000
1.909978e+003,5.366390e+000
1.910942e+003,5.117462e+000
1.911906e+003,5.130853e+000
1.912871e+003,5.276206e+000
1.913835e+003,5.482074e+000
1.914799e+003,5.893367e+000
1.915763e+003,6.366680e+000
1.916728e+003,6.523447e+000
1.917692e+003,6.047990e+000
1.918656e+003,5.272716e+000
1.919620e+003,4.874015e+000
1.920584e+003,5.248799e+000
1.921549e+003,6.055248e+000
1.922513e+003,6.486256e+000
1.923477e+003,6.142550e+000
1.924441e+003,5.397734e+000
1.925406e+003,4.944802e+000
1.926370e+003,5.240230e+000
1.927334e+003,5.944818e+000
1.928298e+003,6.708717e+000
1.929262e+003,7.219126e+000
1.930227e+003,7.229142e+000
1.931191e+003,6.646542e+000
1.932155e+003,5.674447e+000
1.933119e+003,5.008949e+000
1.934084e+003,4.770308e+000
1.935048e+003,4.527780e+000
1.936012e+003,4.080138e+000
1.936976e+003,3.569827e+000
1.937941e+003,3.213816e+000
1.938905e+003,3.413709e+000
1.939869e+003,4.219246e+000
1.940833e+003,5.019152e+000
1.941798e+003,5.442384e+000
1.942762e+003,5.379667e+000
1.943726e+003,4.986990e+000
1.944690e+003,4.464563e+000
1.945655e+003,3.967237e+000
1.946619e+003,3.862065e+000
1.947583e+003,4.170115e+000
1.948547e+003,4.644242e+000
1.949511e+003,5.200833e+000
1.950476e+003,5.829075e+000
1.951440e+003,6.353131e+000
1.952404e+003,6.665450e+000
1.953368e+003,6.782494e+000
1.954333e+003,6.680698e+000
1.955297e+003,6.251878e+000
1.956261e+003,5.659182e+000
1.957225e+003,5.162835e+000
1.958189e+003,4.895320e+000
1.959154e+003,4.770938e+000
1.960118e+003,4.683789e+000
1.961082e+003,4.898119e+000
1.962046e+003,5.817423e+000
1.963011e+003,7.085650e+000
1.963975e+003,7.791789e+000
1.964939e+003,8.020271e+000
1.965903e+003,8.205710e+000
1.966868e+003,8.420269e+000
1.967832e+003,8.368969e+000
1.968796e+003,8.010912e+000
1.969760e+003,7.576504e+000
1.970725e+003,7.181925e+000
1.971689e+003,6.757504e+000
1.972653e+003,6.304058e+000
1.973617e+003,6.147328e+000
1.974582e+003,6.593472e+000
1.975546e+003,7.366959e+000
1.976510e+003,7.671732e+000
1.977474e+003,7.232307e+000
1.978438e+003,6.881192e+000
1.979403e+003,7.066612e+000
1.980367e+003,7.562105e+000
1.981331e+003,7.924075e+000
1.982295e+003,8.202803e+000
1.983260e+003,8.400479e+000
1.984224e+003,8.360737e+000
1.985188e+003,8.045239e+000
1.986152e+003,7.662075e+000
1.987116e+003,7.599734e+000
1.988081e+003,7.788614e+000
1.989045e+003,7.774135e+000
1.990009e+003,7.270102e+000
1.990973e+003,6.815111e+000
1.991938e+003,6.832888e+000
1.992902e+003,7.209261e+000
1.993866e+003,9.178493e+000
1.994830e+003,6.276596e+000
1.995795e+003,5.252234e+000
1.996759e+003,8.477953e+000
1.997723e+003,8.707182e+000
1.998687e+003,6.049969e+000
1.999652e+003,4.898888e+000
