5.009136e+002,7.870353e+002
5.018779e+002,8.151507e+002
5.028421e+002,8.454770e+002
5.038063e+002,8.715696e+002
5.047706e+002,8.989144e+002
5.057348e+002,9.359598e+002
5.066990e+002,9.896030e+002
5.076633e+002,1.033579e+003
5.086275e+002,1.090654e+003
5.095917e+002,1.158229e+003
5.105560e+002,1.236762e+003
5.115202e+002,1.324561e+003
5.124844e+002,1.418714e+003
5.134487e+002,1.519646e+003
5.144129e+002,1.630060e+003
5.153771e+002,1.748478e+003
5.163414e+002,1.868149e+003
5.173056e+002,1.982077e+003
5.182698e+002,2.086414e+003
5.192341e+002,2.179913e+003
5.201983e+002,2.265148e+003
5.211625e+002,2.342975e+003
5.221268e+002,2.415807e+003
5.230910e+002,2.490747e+003
5.240552e+002,2.579978e+003
5.250195e+002,2.691868e+003
5.259837e+002,2.842086e+003
5.269479e+002,3.044570e+003
5.279122e+002,3.309092e+003
5.288764e+002,3.641740e+003
5.298406e+002,4.041324e+003
5.308049e+002,4.494802e+003
5.317691e+002,4.977681e+003
5.327333e+002,5.461788e+003
5.336976e+002,5.904034e+003
5.346618e+002,6.259485e+003
5.356260e+002,6.493562e+003
5.365903e+002,6.577372e+003
5.375545e+002,6.498574e+003
5.385187e+002,6.256839e+003
5.394830e+002,5.872212e+003
5.404472e+002,5.372150e+003
5.414114e+002,4.796719e+003
5.423757e+002,4.191770e+003
5.433399e+002,3.597665e+003
5.443041e+002,3.046540e+003
5.452684e+002,2.560319e+003
5.462326e+002,2.152103e+003
5.471968e+002,1.816381e+003
5.481611e+002,1.547461e+003
5.491253e+002,1.337820e+003
5.500895e+002,1.172022e+003
5.510538e+002,1.040285e+003
5.520180e+002,9.330539e+002
5.529822e+002,8.418793e+002
5.539465e+002,7.607672e+002
5.549107e+002,6.858802e+002
5.558749e+002,6.146432e+002
5.568392e+002,5.474861e+002
5.578034e+002,4.868107e+002
5.587676e+002,4.318044e+002
5.597319e+002,3.814581e+002
5.606961e+002,3.351099e+002
5.616603e+002,2.949715e+002
5.626246e+002,2.639762e+002
5.635888e+002,2.418847e+002
5.645530e+002,2.266350e+002
5.655173e+002,2.166053e+002
5.664815e+002,2.108341e+002
5.674457e+002,2.087285e+002
5.684100e+002,2.092299e+002
5.693742e+002,2.110440e+002
5.703384e+002,2.133372e+002
5.713027e+002,2.157249e+002
5.722669e+002,2.181867e+002
5.732311e+002,2.209185e+002
5.741954e+002,2.223558e+002
5.751596e+002,2.224619e+002
5.761238e+002,2.220333e+002
5.770881e+002,2.222393e+002
5.780523e+002,2.239288e+002
5.790165e+002,2.259808e+002
5.799808e+002,2.268510e+002
5.809450e+002,2.270659e+002
5.819092e+002,2.280046e+002
5.828735e+002,2.305071e+002
5.838377e+002,2.348302e+002
5.848019e+002,2.409552e+002
5.857662e+002,2.488043e+002
5.867304e+002,2.577472e+002
5.876946e+002,2.656255e+002
5.886589e+002,2.727873e+002
5.896231e+002,2.816083e+002
5.905873e+002,2.932600e+002
5.915516e+002,3.069537e+002
5.925158e+002,3.205117e+002
5.934800e+002,3.337328e+002
5.944443e+002,3.489534e+002
5.954085e+002,3.676366e+002
5.963727e+002,3.885457e+002
5.973370e+002,4.089308e+002
5.983012e+002,4.273849e+002
5.992654e+002,4.448133e+002
6.002297e+002,4.624377e+002
6.011939e+002,4.808092e+002
6.021581e+002,5.004579e+002
6.031224e+002,5.218113e+002
6.040866e+002,5.449414e+002
6.050508e+002,5.697020e+002
6.060151e+002,5.961192e+002
6.069793e+002,6.244635e+002
6.079435e+002,6.546828e+002
6.089078e+002,6.862877e+002
6.098720e+002,7.183196e+002
6.108362e+002,7.496176e+002
6.118005e+002,7.801716e+002
6.127647e+002,8.102579e+002
6.137289e+002,8.389193e+002
6.146932e+002,8.648547e+002
6.156574e+002,8.877612e+002
6.166216e+002,9.086490e+002
6.175859e+002,9.275097e+002
6.185501e+002,9.492641e+002
6.195143e+002,9.804186e+002
6.204786e+002,1.024511e+003
6.214428e+002,1.073080e+003
6.224070e+002,1.119847e+003
6.233713e+002,1.158515e+003
6.243355e+002,1.183144e+003
6.252997e+002,1.190068e+003
6.262640e+002,1.178109e+003
6.272282e+002,1.147158e+003
6.281924e+002,1.099471e+003
6.291567e+002,1.040383e+003
6.301209e+002,9.763493e+002
6.310851e+002,9.137771e+002
6.320494e+002,8.623924e+002
6.330136e+002,8.278260e+002
6.339778e+002,8.088500e+002
6.349421e+002,7.963458e+002
6.359063e+002,7.886115e+002
6.368705e+002,7.832256e+002
6.378348e+002,7.778616e+002
6.387990e+002,7.699934e+002
6.397632e+002,7.579464e+002
6.407275e+002,7.421522e+002
6.416917e+002,7.246755e+002
6.426559e+002,7.069538e+002
6.436202e+002,6.883832e+002
6.445844e+002,6.676984e+002
6.455486e+002,6.444662e+002
6.465129e+002,6.192087e+002
6.474771e+002,5.929089e+002
6.484413e+002,5.668314e+002
6.494056e+002,5.428150e+002
6.503698e+002,5.214986e+002
6.513340e+002,5.008975e+002
6.522983e+002,4.785346e+002
6.532625e+002,4.547536e+002
6.542267e+002,4.319522e+002
6.551910e+002,4.109549e+002
6.561552e+002,3.904811e+002
6.571194e+002,3.688574e+002
6.580837e+002,3.461725e+002
6.590479e+002,3.236132e+002
6.600121e+002,3.022878e+002
6.609764e+002,2.830905e+002
6.619406e+002,2.670981e+002
6.629048e+002,2.546966e+002
6.638691e+002,2.451079e+002
6.648333e+002,2.373309e+002
6.657975e+002,2.325449e+002
6.667618e+002,2.326517e+002
6.677260e+002,2.377370e+002
6.686902e+002,2.456976e+002
6.696545e+002,2.546622e+002
6.706187e+002,2.637146e+002
6.715829e+002,2.732194e+002
6.725472e+002,2.832991e+002
6.735114e+002,2.937603e+002
6.744756e+002,3.041772e+002
6.754399e+002,3.156169e+002
6.764041e+002,3.287617e+002
6.773683e+002,3.448954e+002
6.783326e+002,3.664211e+002
6.792968e+002,3.954083e+002
6.802610e+002,4.303270e+002
6.812253e+002,4.667886e+002
6.821895e+002,5.011494e+002
6.831537e+002,5.322413e+002
6.841180e+002,5.590722e+002
6.850822e+002,5.808298e+002
6.860464e+002,5.968413e+002
6.870107e+002,6.067979e+002
6.879749e+002,6.105369e+002
6.889391e+002,6.099762e+002
6.899034e+002,6.048893e+002
6.908676e+002,5.952370e+002
6.918318e+002,5.815380e+002
6.927961e+002,5.651461e+002
6.937603e+002,5.454113e+002
6.947245e+002,5.233541e+002
6.956888e+002,5.027501e+002
6.966530e+002,4.868302e+002
6.976172e+002,4.754581e+002
6.985815e+002,4.669407e+002
6.995457e+002,4.613342e+002
7.005099e+002,4.603163e+002
7.014742e+002,4.643998e+002
7.024384e+002,4.727938e+002
7.034026e+002,4.823201e+002
7.043669e+002,4.908986e+002
7.053311e+002,4.987523e+002
7.062953e+002,5.078190e+002
7.072596e+002,5.183130e+002
7.082238e+002,5.314284e+002
7.091880e+002,5.479315e+002
7.101523e+002,5.667148e+002
7.111165e+002,5.861066e+002
7.120807e+002,6.059499e+002
7.130450e+002,6.288492e+002
7.140092e+002,6.586461e+002
7.149734e+002,6.986315e+002
7.159377e+002,7.485502e+002
7.169019e+002,8.134859e+002
7.178661e+002,9.012654e+002
7.188304e+002,1.011863e+003
7.197946e+002,1.135757e+003
7.207589e+002,1.260310e+003
7.217231e+002,1.377669e+003
7.226873e+002,1.485865e+003
7.236516e+002,1.581700e+003
7.246158e+002,1.656455e+003
7.255800e+002,1.702271e+003
7.265443e+002,1.719903e+003
7.275085e+002,1.721627e+003
7.284727e+002,1.719697e+003
7.294370e+002,1.714922e+003
7.304012e+002,1.713494e+003
7.313654e+002,1.718367e+003
7.323297e+002,1.723339e+003
7.332939e+002,1.719268e+003
7.342581e+002,1.705729e+003
7.352224e+002,1.687359e+003
7.361866e+002,1.667109e+003
7.371508e+002,1.641126e+003
7.381151e+002,1.602369e+003
7.390793e+002,1.548682e+003
7.400435e+002,1.485326e+003
7.410078e+002,1.420797e+003
7.419720e+002,1.355571e+003
7.429362e+002,1.283115e+003
7.439005e+002,1.203586e+003
7.448647e+002,1.118567e+003
7.458289e+002,1.030588e+003
7.467932e+002,9.439527e+002
7.477574e+002,8.654875e+002
7.487216e+002,7.986297e+002
7.496859e+002,7.444078e+002
7.506501e+002,7.025399e+002
7.516143e+002,6.699644e+002
7.525786e+002,6.418759e+002
7.535428e+002,6.156400e+002
7.545070e+002,5.906854e+002
7.554713e+002,5.664633e+002
7.564355e+002,5.420317e+002
7.573997e+002,5.165947e+002
7.583639e+002,4.907552e+002
7.593281e+002,4.659787e+002
7.602924e+002,4.434603e+002
7.612566e+002,4.230082e+002
7.622208e+002,4.043655e+002
7.631851e+002,3.873289e+002
7.641493e+002,3.713258e+002
7.651135e+002,3.551812e+002
7.660778e+002,3.388190e+002
7.670420e+002,3.229165e+002
7.680062e+002,3.080392e+002
7.689705e+002,2.948420e+002
7.699347e+002,2.834637e+002
7.708989e+002,2.732040e+002
7.718632e+002,2.642186e+002
7.728274e+002,2.568162e+002
7.737916e+002,2.510541e+002
7.747559e+002,2.465202e+002
7.757201e+002,2.426190e+002
7.766843e+002,2.392960e+002
7.776486e+002,2.359138e+002
7.786128e+002,2.315243e+002
7.795770e+002,2.255415e+002
7.805413e+002,2.186262e+002
7.815055e+002,2.117420e+002
7.824697e+002,2.056375e+002
7.834340e+002,2.000746e+002
7.843982e+002,1.941382e+002
7.853624e+002,1.875431e+002
7.863267e+002,1.807771e+002
7.872909e+002,1.748950e+002
7.882551e+002,1.704822e+002
7.892194e+002,1.675220e+002
7.901836e+002,1.658609e+002
7.911478e+002,1.647251e+002
7.921121e+002,1.637721e+002
7.930763e+002,1.632471e+002
7.940405e+002,1.642504e+002
7.950048e+002,1.679803e+002
7.959690e+002,1.754189e+002
7.969332e+002,1.863377e+002
7.978975e+002,1.989044e+002
7.988617e+002,2.114740e+002
7.998259e+002,2.241897e+002
8.007902e+002,2.377375e+002
8.017544e+002,2.517753e+002
8.027186e+002,2.648114e+002
8.036829e+002,2.753485e+002
8.046471e+002,2.840378e+002
8.056113e+002,2.918096e+002
8.065756e+002,2.983017e+002
8.075398e+002,3.029855e+002
8.085040e+002,3.059719e+002
8.094683e+002,3.073582e+002
8.104325e+002,3.062039e+002
8.113967e+002,3.023168e+002
8.123610e+002,2.970907e+002
8.133252e+002,2.922273e+002
8.142894e+002,2.876389e+002
8.152537e+002,2.823993e+002
8.162179e+002,2.755602e+002
8.171821e+002,2.672163e+002
8.181464e+002,2.586689e+002
8.191106e+002,2.497246e+002
8.200748e+002,2.390091e+002
8.210391e+002,2.259118e+002
8.220033e+002,2.108888e+002
8.229675e+002,1.949888e+002
8.239318e+002,1.792715e+002
8.248960e+002,1.652808e+002
8.258602e+002,1.533532e+002
8.268245e+002,1.424454e+002
8.277887e+002,1.316957e+002
8.287529e+002,1.214492e+002
8.297172e+002,1.119022e+002
8.306814e+002,1.028474e+002
8.316456e+002,9.368217e+001
8.326099e+002,8.398741e+001
8.335741e+002,7.425320e+001
8.345383e+002,6.526865e+001
8.355026e+002,5.703530e+001
8.364668e+002,4.919617e+001
8.374310e+002,4.159724e+001
8.383953e+002,3.529786e+001
8.393595e+002,3.079006e+001
8.403237e+002,2.665008e+001
8.412880e+002,2.189398e+001
8.422522e+002,1.696255e+001
8.432164e+002,1.376735e+001
8.441807e+002,1.373293e+001
8.451449e+002,1.566092e+001
8.461091e+002,1.843418e+001
8.470734e+002,2.163368e+001
8.480376e+002,2.458500e+001
8.490018e+002,2.600206e+001
8.499661e+002,2.603419e+001
8.509303e+002,2.587971e+001
8.518945e+002,2.714067e+001
8.528588e+002,2.957740e+001
8.538230e+002,3.138701e+001
8.547872e+002,3.167555e+001
8.557515e+002,3.122532e+001
8.567157e+002,3.205911e+001
8.576799e+002,3.452547e+001
8.586442e+002,3.690974e+001
8.596084e+002,3.854329e+001
8.605726e+002,3.932459e+001
8.615369e+002,3.934232e+001
8.625011e+002,3.869011e+001
8.634653e+002,3.838798e+001
8.644296e+002,3.927555e+001
8.653938e+002,4.175211e+001
8.663580e+002,4.543785e+001
8.673223e+002,4.889095e+001
8.682865e+002,5.096083e+001
8.692507e+002,5.165524e+001
8.702150e+002,5.168933e+001
8.711792e+002,5.188334e+001
8.721434e+002,5.318696e+001
8.731077e+002,5.608259e+001
8.740719e+002,5.903447e+001
8.750361e+002,6.052662e+001
8.760004e+002,6.039918e+001
8.769646e+002,5.988096e+001
8.779288e+002,6.015639e+001
8.788931e+002,6.086377e+001
8.798573e+002,6.094397e+001
8.808215e+002,5.919859e+001
8.817858e+002,5.566272e+001
8.827500e+002,5.104258e+001
8.837142e+002,4.583480e+001
8.846785e+002,4.047880e+001
8.856427e+002,3.613342e+001
8.866069e+002,3.295363e+001
8.875712e+002,2.953996e+001
8.885354e+002,2.544151e+001
8.894996e+002,2.159255e+001
8.904639e+002,1.860755e+001
8.914281e+002,1.600055e+001
8.923923e+002,1.318195e+001
8.933566e+002,1.065574e+001
8.943208e+002,8.814388e+000
8.952850e+002,7.421555e+000
8.962493e+002,6.121387e+000
8.972135e+002,4.874874e+000
8.981777e+002,4.094587e+000
8.991420e+002,4.726494e+000
9.001062e+002,6.628706e+000
9.010704e+002,9.106520e+000
9.020347e+002,1.110673e+001
9.029989e+002,1.174341e+001
9.039631e+002,1.054871e+001
9.049274e+002,8.500944e+000
9.058916e+002,7.674371e+000
9.068558e+002,8.643752e+000
9.078201e+002,1.049684e+001
9.087843e+002,1.230339e+001
9.097485e+002,1.402872e+001
9.107128e+002,1.617550e+001
9.116770e+002,1.873678e+001
9.126412e+002,2.105247e+001
9.136055e+002,2.248728e+001
9.145697e+002,2.303141e+001
9.155339e+002,2.266857e+001
9.164982e+002,2.147671e+001
9.174624e+002,2.027251e+001
9.184266e+002,2.053992e+001
9.193909e+002,2.325817e+001
9.203551e+002,2.769892e+001
9.213193e+002,3.333352e+001
9.222836e+002,4.064949e+001
9.232478e+002,4.970227e+001
9.242120e+002,5.903783e+001
9.251763e+002,6.723772e+001
9.261405e+002,7.393170e+001
9.271047e+002,7.958417e+001
9.280690e+002,8.428059e+001
9.290332e+002,8.692435e+001
9.299974e+002,8.691879e+001
9.309617e+002,8.612877e+001
9.319259e+002,8.677956e+001
9.328901e+002,8.969617e+001
9.338544e+002,9.411902e+001
9.348186e+002,9.952319e+001
9.357828e+002,1.051761e+002
9.367471e+002,1.097848e+002
9.377113e+002,1.125824e+002
9.386755e+002,1.144245e+002
9.396398e+002,1.162991e+002
9.406040e+002,1.178845e+002
9.415682e+002,1.183263e+002
9.425325e+002,1.171722e+002
9.434967e+002,1.157257e+002
9.444609e+002,1.163991e+002
9.454252e+002,1.197908e+002
9.463894e+002,1.249420e+002
9.473536e+002,1.301950e+002
9.483179e+002,1.347306e+002
9.492821e+002,1.384357e+002
9.502463e+002,1.421194e+002
9.512106e+002,1.472831e+002
9.521748e+002,1.527925e+002
9.531390e+002,1.569263e+002
9.541033e+002,1.593705e+002
9.550675e+002,1.613016e+002
9.560317e+002,1.637870e+002
9.569960e+002,1.659978e+002
9.579602e+002,1.671341e+002
9.589244e+002,1.680462e+002
9.598887e+002,1.696908e+002
9.608529e+002,1.720759e+002
9.618171e+002,1.747253e+002
9.627814e+002,1.776962e+002
9.637456e+002,1.817522e+002
9.647098e+002,1.867608e+002
9.656741e+002,1.908831e+002
9.666383e+002,1.939717e+002
9.676025e+002,1.972939e+002
9.685668e+002,2.012868e+002
9.695310e+002,2.052114e+002
9.704952e+002,2.074430e+002
9.714595e+002,2.079164e+002
9.724237e+002,2.078127e+002
9.733879e+002,2.075280e+002
9.743522e+002,2.067055e+002
9.753164e+002,2.045600e+002
9.762806e+002,2.011958e+002
9.772449e+002,1.974108e+002
9.782091e+002,1.934138e+002
9.791733e+002,1.891452e+002
9.801376e+002,1.854018e+002
9.811018e+002,1.831792e+002
9.820660e+002,1.824821e+002
9.830303e+002,1.828842e+002
9.839945e+002,1.840723e+002
9.849587e+002,1.866836e+002
9.859230e+002,1.911192e+002
9.868872e+002,1.982801e+002
9.878514e+002,2.089763e+002
9.888157e+002,2.232594e+002
9.897799e+002,2.405473e+002
9.907441e+002,2.603557e+002
9.917084e+002,2.812189e+002
9.926726e+002,3.018750e+002
9.936368e+002,3.224155e+002
9.946011e+002,3.429990e+002
9.955653e+002,3.637084e+002
9.965295e+002,3.827744e+002
9.974938e+002,3.985115e+002
9.984580e+002,4.136842e+002
9.994222e+002,4.323003e+002
1.000386e+003,4.575541e+002
1.001351e+003,4.910779e+002
1.002315e+003,5.334868e+002
1.003279e+003,5.807189e+002
1.004243e+003,6.279973e+002
1.005208e+003,6.699224e+002
1.006172e+003,7.014363e+002
1.007136e+003,7.195568e+002
1.008100e+003,7.242495e+002
1.009065e+003,7.162892e+002
1.010029e+003,6.963925e+002
1.010993e+003,6.684673e+002
1.011957e+003,6.396763e+002
1.012922e+003,6.184649e+002
1.013886e+003,6.107784e+002
1.014850e+003,6.187947e+002
1.015814e+003,6.416293e+002
1.016778e+003,6.745840e+002
1.017743e+003,7.141649e+002
1.018707e+003,7.574534e+002
1.019671e+003,7.997004e+002
1.020635e+003,8.377443e+002
1.021600e+003,8.719119e+002
1.022564e+003,9.046559e+002
1.023528e+003,9.393094e+002
1.024492e+003,9.771504e+002
1.025457e+003,1.019740e+003
1.026421e+003,1.069792e+003
1.027385e+003,1.127459e+003
1.028349e+003,1.190785e+003
1.029313e+003,1.260684e+003
1.030278e+003,1.339371e+003
1.031242e+003,1.425964e+003
1.032206e+003,1.518634e+003
1.033170e+003,1.615669e+003
1.034135e+003,1.719133e+003
1.035099e+003,1.833328e+003
1.036063e+003,1.961452e+003
1.037027e+003,2.104403e+003
1.037992e+003,2.262431e+003
1.038956e+003,2.438051e+003
1.039920e+003,2.634045e+003
1.040884e+003,2.846666e+003
1.041849e+003,3.073773e+003
1.042813e+003,3.319341e+003
1.043777e+003,3.586410e+003
1.044741e+003,3.874028e+003
1.045705e+003,4.183337e+003
1.046670e+003,4.514580e+003
1.047634e+003,4.871869e+003
1.048598e+003,5.254966e+003
1.049562e+003,5.661674e+003
1.050527e+003,6.092129e+003
1.051491e+003,6.542032e+003
1.052455e+003,7.000711e+003
1.053419e+003,7.453090e+003
1.054384e+003,7.874943e+003
1.055348e+003,8.246581e+003
1.056312e+003,8.555146e+003
1.057276e+003,8.783621e+003
1.058240e+003,8.921802e+003
1.059205e+003,8.962667e+003
1.060169e+003,8.905082e+003
1.061133e+003,8.760508e+003
1.062097e+003,8.544934e+003
1.063062e+003,8.281547e+003
1.064026e+003,7.995782e+003
1.064990e+003,7.708831e+003
1.065954e+003,7.442076e+003
1.066919e+003,7.216384e+003
1.067883e+003,7.045826e+003
1.068847e+003,6.941267e+003
1.069811e+003,6.908975e+003
1.070776e+003,6.953940e+003
1.071740e+003,7.079672e+003
1.072704e+003,7.277367e+003
1.073668e+003,7.539248e+003
1.074632e+003,7.844894e+003
1.075597e+003,8.156380e+003
1.076561e+003,8.435220e+003
1.077525e+003,8.637600e+003
1.078489e+003,8.722997e+003
1.079454e+003,8.674693e+003
1.080418e+003,8.493544e+003
1.081382e+003,8.197676e+003
1.082346e+003,7.830897e+003
1.083311e+003,7.443364e+003
1.084275e+003,7.096899e+003
1.085239e+003,6.847655e+003
1.086203e+003,6.727050e+003
1.087167e+003,6.742581e+003
1.088132e+003,6.871822e+003
1.089096e+003,7.061988e+003
1.090060e+003,7.256198e+003
1.091024e+003,7.388431e+003
1.091989e+003,7.401718e+003
1.092953e+003,7.266589e+003
1.093917e+003,6.969505e+003
1.094881e+003,6.518381e+003
1.095846e+003,5.949526e+003
1.096810e+003,5.304512e+003
1.097774e+003,4.634381e+003
1.098738e+003,3.986200e+003
1.099703e+003,3.387516e+003
1.100667e+003,2.858778e+003
1.101631e+003,2.412248e+003
1.102595e+003,2.044803e+003
1.103559e+003,1.751507e+003
1.104524e+003,1.521454e+003
1.105488e+003,1.341032e+003
1.106452e+003,1.197087e+003
1.107416e+003,1.078064e+003
1.108381e+003,9.766313e+002
1.109345e+003,8.917468e+002
1.110309e+003,8.201335e+002
1.111273e+003,7.583126e+002
1.112238e+003,7.038757e+002
1.113202e+003,6.545101e+002
1.114166e+003,6.104042e+002
1.115130e+003,5.709311e+002
1.116094e+003,5.358239e+002
1.117059e+003,5.048318e+002
1.118023e+003,4.772068e+002
1.118987e+003,4.513488e+002
1.119951e+003,4.263151e+002
1.120916e+003,4.034543e+002
1.121880e+003,3.831378e+002
1.122844e+003,3.646644e+002
1.123808e+003,3.477408e+002
1.124773e+003,3.326519e+002
1.125737e+003,3.191263e+002
1.126701e+003,3.063819e+002
1.127665e+003,2.945294e+002
1.128630e+003,2.844388e+002
1.129594e+003,2.765096e+002
1.130558e+003,2.707451e+002
1.131522e+003,2.665720e+002
1.132486e+003,2.626844e+002
1.133451e+003,2.580244e+002
1.134415e+003,2.523683e+002
1.135379e+003,2.460133e+002
1.136343e+003,2.395116e+002
1.137308e+003,2.337009e+002
1.138272e+003,2.287670e+002
1.139236e+003,2.241101e+002
1.140200e+003,2.191633e+002
1.141165e+003,2.147447e+002
1.142129e+003,2.125692e+002
1.143093e+003,2.135838e+002
1.144057e+003,2.175916e+002
1.145021e+003,2.238811e+002
1.145986e+003,2.319622e+002
1.146950e+003,2.417855e+002
1.147914e+003,2.536389e+002
1.148878e+003,2.658495e+002
1.149843e+003,2.766165e+002
1.150807e+003,2.855503e+002
1.151771e+003,2.927207e+002
1.152735e+003,2.978018e+002
1.153700e+003,3.004214e+002
1.154664e+003,3.013172e+002
1.155628e+003,3.010585e+002
1.156592e+003,3.001225e+002
1.157557e+003,2.979292e+002
1.158521e+003,2.941508e+002
1.159485e+003,2.901452e+002
1.160449e+003,2.882352e+002
1.161413e+003,2.904271e+002
1.162378e+003,2.959200e+002
1.163342e+003,3.056535e+002
1.164306e+003,3.244167e+002
1.165270e+003,3.569414e+002
1.166235e+003,4.098823e+002
1.167199e+003,4.943279e+002
1.168163e+003,6.174517e+002
1.169127e+003,7.814185e+002
1.170092e+003,9.853882e+002
1.171056e+003,1.217267e+003
1.172020e+003,1.458579e+003
1.172984e+003,1.691466e+003
1.173948e+003,1.898898e+003
1.174913e+003,2.066103e+003
1.175877e+003,2.177615e+003
1.176841e+003,2.224465e+003
1.177805e+003,2.205072e+003
1.178770e+003,2.123642e+003
1.179734e+003,1.993027e+003
1.180698e+003,1.833049e+003
1.181662e+003,1.659641e+003
1.182627e+003,1.487485e+003
1.183591e+003,1.327591e+003
1.184555e+003,1.182460e+003
1.185519e+003,1.053744e+003
1.186484e+003,9.435682e+002
1.187448e+003,8.546545e+002
1.188412e+003,7.877220e+002
1.189376e+003,7.379039e+002
1.190340e+003,7.001540e+002
1.191305e+003,6.695477e+002
1.192269e+003,6.429133e+002
1.193233e+003,6.180850e+002
1.194197e+003,5.934955e+002
1.195162e+003,5.669478e+002
1.196126e+003,5.375325e+002
1.197090e+003,5.054666e+002
1.198054e+003,4.710616e+002
1.199019e+003,4.341263e+002
1.199983e+003,3.952042e+002
1.200947e+003,3.578063e+002
1.201911e+003,3.237303e+002
1.202875e+003,2.920191e+002
1.203840e+003,2.615497e+002
1.204804e+003,2.331894e+002
1.205768e+003,2.088496e+002
1.206732e+003,1.892445e+002
1.207697e+003,1.729923e+002
1.208661e+003,1.587907e+002
1.209625e+003,1.473155e+002
1.210589e+003,1.396111e+002
1.211554e+003,1.348189e+002
1.212518e+003,1.303057e+002
1.213482e+003,1.250007e+002
1.214446e+003,1.211253e+002
1.215411e+003,1.202109e+002
1.216375e+003,1.206507e+002
1.217339e+003,1.199296e+002
1.218303e+003,1.177591e+002
1.219267e+003,1.160484e+002
1.220232e+003,1.156219e+002
1.221196e+003,1.157825e+002
1.222160e+003,1.166859e+002
1.223124e+003,1.194460e+002
1.224089e+003,1.241063e+002
1.225053e+003,1.295087e+002
1.226017e+003,1.340790e+002
1.226981e+003,1.380182e+002
1.227946e+003,1.430032e+002
1.228910e+003,1.486901e+002
1.229874e+003,1.532257e+002
1.230838e+003,1.552430e+002
1.231802e+003,1.557557e+002
1.232767e+003,1.569692e+002
1.233731e+003,1.596906e+002
1.234695e+003,1.634117e+002
1.235659e+003,1.675737e+002
1.236624e+003,1.714904e+002
1.237588e+003,1.746205e+002
1.238552e+003,1.767865e+002
1.239516e+003,1.779881e+002
1.240481e+003,1.782590e+002
1.241445e+003,1.774782e+002
1.242409e+003,1.756940e+002
1.243373e+003,1.734220e+002
1.244338e+003,1.712991e+002
1.245302e+003,1.702299e+002
1.246266e+003,1.713486e+002
1.247230e+003,1.748389e+002
1.248194e+003,1.793500e+002
1.249159e+003,1.838706e+002
1.250123e+003,1.881852e+002
1.251087e+003,1.924695e+002
1.252051e+003,1.964586e+002
1.253016e+003,1.995614e+002
1.253980e+003,2.012490e+002
1.254944e+003,2.013785e+002
1.255908e+003,2.000827e+002
1.256873e+003,1.982900e+002
1.257837e+003,1.970467e+002
1.258801e+003,1.968352e+002
1.259765e+003,1.971526e+002
1.260729e+003,1.971087e+002
1.261694e+003,1.966323e+002
1.262658e+003,1.960871e+002
1.263622e+003,1.964534e+002
1.264586e+003,1.983137e+002
1.265551e+003,2.014362e+002
1.266515e+003,2.054902e+002
1.267479e+003,2.104135e+002
1.268443e+003,2.162056e+002
1.269408e+003,2.227277e+002
1.270372e+003,2.305623e+002
1.271336e+003,2.398084e+002
1.272300e+003,2.497275e+002
1.273265e+003,2.594503e+002
1.274229e+003,2.688315e+002
1.275193e+003,2.776680e+002
1.276157e+003,2.850207e+002
1.277121e+003,2.912709e+002
1.278086e+003,2.968638e+002
1.279050e+003,3.014375e+002
1.280014e+003,3.041710e+002
1.280978e+003,3.044701e+002
1.281943e+003,3.022499e+002
1.282907e+003,2.978159e+002
1.283871e+003,2.922288e+002
1.284835e+003,2.863924e+002
1.285800e+003,2.804032e+002
1.286764e+003,2.736261e+002
1.287728e+003,2.653769e+002
1.288692e+003,2.551468e+002
1.289656e+003,2.431961e+002
1.290621e+003,2.307778e+002
1.291585e+003,2.181046e+002
1.292549e+003,2.054003e+002
1.293513e+003,1.932095e+002
1.294478e+003,1.820558e+002
1.295442e+003,1.721793e+002
1.296406e+003,1.635955e+002
1.297370e+003,1.569076e+002
1.298335e+003,1.522066e+002
1.299299e+003,1.483449e+002
1.300263e+003,1.441044e+002
1.301227e+003,1.393938e+002
1.302192e+003,1.349034e+002
1.303156e+003,1.307382e+002
1.304120e+003,1.261918e+002
1.305084e+003,1.209263e+002
1.306048e+003,1.157387e+002
1.307013e+003,1.111649e+002
1.307977e+003,1.071927e+002
1.308941e+003,1.037806e+002
1.309905e+003,1.010984e+002
1.310870e+003,9.953166e+001
1.311834e+003,9.903448e+001
1.312798e+003,9.901691e+001
1.313762e+003,9.929955e+001
1.314727e+003,1.003535e+002
1.315691e+003,1.026179e+002
1.316655e+003,1.056908e+002
1.317619e+003,1.093026e+002
1.318583e+003,1.135926e+002
1.319548e+003,1.183596e+002
1.320512e+003,1.232550e+002
1.321476e+003,1.279361e+002
1.322440e+003,1.319959e+002
1.323405e+003,1.353273e+002
1.324369e+003,1.383381e+002
1.325333e+003,1.410059e+002
1.326297e+003,1.425715e+002
1.327262e+003,1.424727e+002
1.328226e+003,1.419354e+002
1.329190e+003,1.421156e+002
1.330154e+003,1.446306e+002
1.331119e+003,1.510406e+002
1.332083e+003,1.613975e+002
1.333047e+003,1.740176e+002
1.334011e+003,1.877176e+002
1.334975e+003,2.024543e+002
1.335940e+003,2.180867e+002
1.336904e+003,2.345381e+002
1.337868e+003,2.515772e+002
1.338832e+003,2.672265e+002
1.339797e+003,2.790299e+002
1.340761e+003,2.854462e+002
1.341725e+003,2.859294e+002
1.342689e+003,2.793992e+002
1.343654e+003,2.687662e+002
1.344618e+003,2.571674e+002
1.345582e+003,2.450117e+002
1.346546e+003,2.317142e+002
1.347510e+003,2.180088e+002
1.348475e+003,2.051251e+002
1.349439e+003,1.937388e+002
1.350403e+003,1.843362e+002
1.351367e+003,1.770881e+002
1.352332e+003,1.716440e+002
1.353296e+003,1.677284e+002
1.354260e+003,1.646756e+002
1.355224e+003,1.617080e+002
1.356189e+003,1.591637e+002
1.357153e+003,1.595437e+002
1.358117e+003,1.629238e+002
1.359081e+003,1.686667e+002
1.360046e+003,1.767833e+002
1.361010e+003,1.858932e+002
1.361974e+003,1.940483e+002
1.362938e+003,2.001235e+002
1.363902e+003,2.036157e+002
1.364867e+003,2.046716e+002
1.365831e+003,2.042256e+002
1.366795e+003,2.031401e+002
1.367759e+003,2.023536e+002
1.368724e+003,2.030938e+002
1.369688e+003,2.051920e+002
1.370652e+003,2.075105e+002
1.371616e+003,2.099742e+002
1.372581e+003,2.141195e+002
1.373545e+003,2.204133e+002
1.374509e+003,2.267983e+002
1.375473e+003,2.316684e+002
1.376438e+003,2.350658e+002
1.377402e+003,2.374255e+002
1.378366e+003,2.391499e+002
1.379330e+003,2.407345e+002
1.380294e+003,2.427182e+002
1.381259e+003,2.457340e+002
1.382223e+003,2.498286e+002
1.383187e+003,2.536497e+002
1.384151e+003,2.561838e+002
1.385116e+003,2.569676e+002
1.386080e+003,2.552789e+002
1.387044e+003,2.509817e+002
1.388008e+003,2.443577e+002
1.388973e+003,2.364404e+002
1.389937e+003,2.279227e+002
1.390901e+003,2.192128e+002
1.391865e+003,2.106735e+002
1.392829e+003,2.026163e+002
1.393794e+003,1.953601e+002
1.394758e+003,1.894279e+002
1.395722e+003,1.847043e+002
1.396686e+003,1.799051e+002
1.397651e+003,1.742000e+002
1.398615e+003,1.674278e+002
1.399579e+003,1.599270e+002
1.400543e+003,1.535462e+002
1.401508e+003,1.502383e+002
1.402472e+003,1.496786e+002
1.403436e+003,1.497852e+002
1.404400e+003,1.496329e+002
1.405365e+003,1.490204e+002
1.406329e+003,1.479063e+002
1.407293e+003,1.469561e+002
1.408257e+003,1.467477e+002
1.409221e+003,1.464968e+002
1.410186e+003,1.447938e+002
1.411150e+003,1.423945e+002
1.412114e+003,1.414469e+002
1.413078e+003,1.430198e+002
1.414043e+003,1.471417e+002
1.415007e+003,1.530640e+002
1.415971e+003,1.591473e+002
1.416935e+003,1.639083e+002
1.417900e+003,1.672850e+002
1.418864e+003,1.698893e+002
1.419828e+003,1.718515e+002
1.420792e+003,1.722903e+002
1.421756e+003,1.708788e+002
1.422721e+003,1.684195e+002
1.423685e+003,1.659586e+002
1.424649e+003,1.640603e+002
1.425613e+003,1.624924e+002
1.426578e+003,1.616216e+002
1.427542e+003,1.618279e+002
1.428506e+003,1.640710e+002
1.429470e+003,1.697026e+002
1.430435e+003,1.794028e+002
1.431399e+003,1.928686e+002
1.432363e+003,2.092711e+002
1.433327e+003,2.269702e+002
1.434292e+003,2.441480e+002
1.435256e+003,2.605188e+002
1.436220e+003,2.760148e+002
1.437184e+003,2.896325e+002
1.438148e+003,2.995704e+002
1.439113e+003,3.052424e+002
1.440077e+003,3.085907e+002
1.441041e+003,3.114641e+002
1.442005e+003,3.137106e+002
1.442970e+003,3.149409e+002
1.443934e+003,3.156829e+002
1.444898e+003,3.170085e+002
1.445862e+003,3.193515e+002
1.446827e+003,3.218906e+002
1.447791e+003,3.235880e+002
1.448755e+003,3.228932e+002
1.449719e+003,3.185924e+002
1.450683e+003,3.110361e+002
1.451648e+003,3.010829e+002
1.452612e+003,2.895728e+002
1.453576e+003,2.777255e+002
1.454540e+003,2.661442e+002
1.455505e+003,2.540529e+002
1.456469e+003,2.425341e+002
1.457433e+003,2.339924e+002
1.458397e+003,2.305667e+002
1.459362e+003,2.336071e+002
1.460326e+003,2.434070e+002
1.461290e+003,2.609409e+002
1.462254e+003,2.864958e+002
1.463219e+003,3.192308e+002
1.464183e+003,3.578401e+002
1.465147e+003,3.997859e+002
1.466111e+003,4.393334e+002
1.467075e+003,4.718124e+002
1.468040e+003,4.931489e+002
1.469004e+003,5.004236e+002
1.469968e+003,4.919616e+002
1.470932e+003,4.670109e+002
1.471897e+003,4.282872e+002
1.472861e+003,3.812567e+002
1.473825e+003,3.309861e+002
1.474789e+003,2.826851e+002
1.475754e+003,2.401589e+002
1.476718e+003,2.061249e+002
1.477682e+003,1.819826e+002
1.478646e+003,1.671930e+002
1.479610e+003,1.589433e+002
1.480575e+003,1.556703e+002
1.481539e+003,1.550963e+002
1.482503e+003,1.554727e+002
1.483467e+003,1.552986e+002
1.484432e+003,1.537826e+002
1.485396e+003,1.522540e+002
1.486360e+003,1.519023e+002
1.487324e+003,1.530895e+002
1.488289e+003,1.558988e+002
1.489253e+003,1.606576e+002
1.490217e+003,1.683340e+002
1.491181e+003,1.784477e+002
1.492146e+003,1.889662e+002
1.493110e+003,1.984910e+002
1.494074e+003,2.064411e+002
1.495038e+003,2.126778e+002
1.496002e+003,2.172711e+002
1.496967e+003,2.200802e+002
1.497931e+003,2.226500e+002
1.498895e+003,2.270614e+002
1.499859e+003,2.337843e+002
1.500824e+003,2.415559e+002
1.501788e+003,2.495872e+002
1.502752e+003,2.573426e+002
1.503716e+003,2.646645e+002
1.504681e+003,2.719355e+002
1.505645e+003,2.798414e+002
1.506609e+003,2.883918e+002
1.507573e+003,2.973895e+002
1.508537e+003,3.071913e+002
1.509502e+003,3.182187e+002
1.510466e+003,3.309620e+002
1.511430e+003,3.468029e+002
1.512394e+003,3.654468e+002
1.513359e+003,3.838551e+002
1.514323e+003,3.988236e+002
1.515287e+003,4.112058e+002
1.516251e+003,4.233134e+002
1.517216e+003,4.355127e+002
1.518180e+003,4.478942e+002
1.519144e+003,4.609733e+002
1.520108e+003,4.750712e+002
1.521073e+003,4.907653e+002
1.522037e+003,5.084859e+002
1.523001e+003,5.282647e+002
1.523965e+003,5.493328e+002
1.524929e+003,5.708430e+002
1.525894e+003,5.914418e+002
1.526858e+003,6.099476e+002
1.527822e+003,6.267242e+002
1.528786e+003,6.440934e+002
1.529750e+003,6.636291e+002
1.530715e+003,6.857645e+002
1.531679e+003,7.115073e+002
1.532643e+003,7.423398e+002
1.533607e+003,7.797292e+002
1.534572e+003,8.232504e+002
1.535536e+003,8.719544e+002
1.536500e+003,9.267503e+002
1.537464e+003,9.886970e+002
1.538429e+003,1.059200e+003
1.539393e+003,1.139455e+003
1.540357e+003,1.230354e+003
1.541321e+003,1.330961e+003
1.542286e+003,1.441867e+003
1.543250e+003,1.567032e+003
1.544214e+003,1.710551e+003
1.545178e+003,1.868258e+003
1.546143e+003,2.033435e+003
1.547107e+003,2.204404e+003
1.548071e+003,2.381646e+003
1.549035e+003,2.565147e+003
1.550000e+003,2.755398e+003
1.550964e+003,2.952419e+003
1.551928e+003,3.152552e+003
1.552892e+003,3.356486e+003
1.553856e+003,3.571734e+003
1.554821e+003,3.801202e+003
1.555785e+003,4.067302e+003
1.556749e+003,4.383839e+003
1.557713e+003,4.763135e+003
1.558677e+003,5.206294e+003
1.559642e+003,5.698802e+003
1.560606e+003,6.216502e+003
1.561570e+003,6.718961e+003
1.562534e+003,7.146665e+003
1.563499e+003,7.445795e+003
1.564463e+003,7.564899e+003
1.565427e+003,7.467515e+003
1.566391e+003,7.151709e+003
1.567356e+003,6.639073e+003
1.568320e+003,5.968773e+003
1.569284e+003,5.206792e+003
1.570248e+003,4.413060e+003
1.571213e+003,3.655638e+003
1.572177e+003,2.986543e+003
1.573141e+003,2.434555e+003
1.574105e+003,2.010938e+003
1.575070e+003,1.708313e+003
1.576034e+003,1.503001e+003
1.576998e+003,1.373826e+003
1.577962e+003,1.293326e+003
1.578927e+003,1.241495e+003
1.579891e+003,1.207098e+003
1.580855e+003,1.180594e+003
1.581819e+003,1.157623e+003
1.582783e+003,1.134951e+003
1.583748e+003,1.110126e+003
1.584712e+003,1.082684e+003
1.585676e+003,1.051760e+003
1.586640e+003,1.017226e+003
1.587604e+003,9.782014e+002
1.588569e+003,9.355978e+002
1.589533e+003,8.899924e+002
1.590497e+003,8.428643e+002
1.591461e+003,7.957504e+002
1.592426e+003,7.496143e+002
1.593390e+003,7.054570e+002
1.594354e+003,6.656153e+002
1.595318e+003,6.319058e+002
1.596283e+003,6.035479e+002
1.597247e+003,5.796111e+002
1.598211e+003,5.617206e+002
1.599175e+003,5.527165e+002
1.600140e+003,5.510142e+002
1.601104e+003,5.525969e+002
1.602068e+003,5.548698e+002
1.603032e+003,5.568012e+002
1.603997e+003,5.575881e+002
1.604961e+003,5.568762e+002
1.605925e+003,5.545458e+002
1.606889e+003,5.503368e+002
1.607854e+003,5.440544e+002
1.608818e+003,5.351886e+002
1.609782e+003,5.228026e+002
1.610746e+003,5.087686e+002
1.611710e+003,4.965382e+002
1.612675e+003,4.871941e+002
1.613639e+003,4.779289e+002
1.614603e+003,4.677706e+002
1.615567e+003,4.580398e+002
1.616531e+003,4.494066e+002
1.617496e+003,4.412416e+002
1.618460e+003,4.326703e+002
1.619424e+003,4.231108e+002
1.620388e+003,4.122289e+002
1.621353e+003,3.990419e+002
1.622317e+003,3.825607e+002
1.623281e+003,3.633140e+002
1.624245e+003,3.435151e+002
1.625210e+003,3.238350e+002
1.626174e+003,3.036576e+002
1.627138e+003,2.827296e+002
1.628102e+003,2.623040e+002
1.629067e+003,2.438088e+002
1.630031e+003,2.286770e+002
1.630995e+003,2.172441e+002
1.631959e+003,2.085107e+002
1.632924e+003,2.007884e+002
1.633888e+003,1.934474e+002
1.634852e+003,1.858597e+002
1.635816e+003,1.775876e+002
1.636781e+003,1.690110e+002
1.637745e+003,1.605307e+002
1.638709e+003,1.516988e+002
1.639673e+003,1.422856e+002
1.640637e+003,1.325555e+002
1.641602e+003,1.229371e+002
1.642566e+003,1.143063e+002
1.643530e+003,1.082166e+002
1.644494e+003,1.033258e+002
1.645458e+003,9.760982e+001
1.646423e+003,9.076654e+001
1.647387e+003,8.431143e+001
1.648351e+003,7.842699e+001
1.649315e+003,7.184109e+001
1.650280e+003,6.437805e+001
1.651244e+003,5.730462e+001
1.652208e+003,5.169047e+001
1.653172e+003,4.651552e+001
1.654137e+003,4.137435e+001
1.655101e+003,3.690014e+001
1.656065e+003,3.369538e+001
1.657029e+003,3.218672e+001
1.657994e+003,3.228908e+001
1.658958e+003,3.284262e+001
1.659922e+003,3.290780e+001
1.660886e+003,3.266423e+001
1.661851e+003,3.247839e+001
1.662815e+003,3.212140e+001
1.663779e+003,3.157420e+001
1.664743e+003,3.100742e+001
1.665708e+003,2.964974e+001
1.666672e+003,2.576417e+001
1.667636e+003,2.125641e+001
1.668600e+003,1.822546e+001
1.669564e+003,1.680107e+001
1.670529e+003,1.670232e+001
1.671493e+003,1.766069e+001
1.672457e+003,1.800774e+001
1.673421e+003,1.738112e+001
1.674385e+003,1.702042e+001
1.675350e+003,1.769142e+001
1.676314e+003,1.831823e+001
1.677278e+003,1.784107e+001
1.678242e+003,1.652529e+001
1.679207e+003,1.477645e+001
1.680171e+003,1.301991e+001
1.681135e+003,1.276394e+001
1.682099e+003,1.317439e+001
1.683064e+003,1.266532e+001
1.684028e+003,1.093558e+001
1.684992e+003,8.527687e+000
1.685956e+003,6.045202e+000
1.686921e+003,4.171520e+000
1.687885e+003,2.977242e+000
1.688849e+003,1.800663e+000
1.689813e+003,3.855476e-001
1.690778e+003,0.000000e+000
1.691742e+003,1.561054e+000
1.692706e+003,4.290285e+000
1.693670e+003,7.312767e+000
1.694635e+003,9.982723e+000
1.695599e+003,1.111029e+001
1.696563e+003,1.135362e+001
1.697527e+003,1.192140e+001
1.698491e+003,1.287168e+001
1.699456e+003,1.389631e+001
1.700420e+003,1.479109e+001
1.701384e+003,1.509921e+001
1.702348e+003,1.438423e+001
1.703313e+003,1.273657e+001
1.704277e+003,1.094777e+001
1.705241e+003,1.009985e+001
1.706205e+003,1.017141e+001
1.707169e+003,1.110639e+001
1.708134e+003,1.283737e+001
1.709098e+003,1.509818e+001
1.710062e+003,1.857545e+001
1.711026e+003,2.255121e+001
1.711991e+003,2.519468e+001
1.712955e+003,2.642640e+001
1.713919e+003,2.724036e+001
1.714883e+003,2.766519e+001
1.715848e+003,2.623232e+001
1.716812e+003,2.269791e+001
1.717776e+003,1.865274e+001
1.718740e+003,1.636641e+001
1.719705e+003,1.606148e+001
1.720669e+003,1.743037e+001
1.721633e+003,2.000180e+001
1.722597e+003,2.317023e+001
1.723562e+003,2.660532e+001
1.724526e+003,2.951979e+001
1.725490e+003,3.274504e+001
1.726454e+003,3.826193e+001
1.727418e+003,4.649136e+001
1.728383e+003,5.610421e+001
1.729347e+003,6.544530e+001
1.730311e+003,7.380974e+001
1.731275e+003,8.170056e+001
1.732240e+003,9.013846e+001
1.733204e+003,9.936926e+001
1.734168e+003,1.078612e+002
1.735132e+003,1.144595e+002
1.736096e+003,1.189482e+002
1.737061e+003,1.215131e+002
1.738025e+003,1.227119e+002
1.738989e+003,1.237621e+002
1.739953e+003,1.252932e+002
1.740918e+003,1.271084e+002
1.741882e+003,1.280536e+002
1.742846e+003,1.263483e+002
1.743810e+003,1.213656e+002
1.744775e+003,1.146302e+002
1.745739e+003,1.077401e+002
1.746703e+003,1.010351e+002
1.747667e+003,9.353578e+001
1.748632e+003,8.482413e+001
1.749596e+003,7.522504e+001
1.750560e+003,6.548448e+001
1.751524e+003,5.648428e+001
1.752489e+003,4.893557e+001
1.753453e+003,4.320141e+001
1.754417e+003,3.984021e+001
1.755381e+003,3.834373e+001
1.756345e+003,3.709446e+001
1.757310e+003,3.477176e+001
1.758274e+003,3.161395e+001
1.759238e+003,2.834500e+001
1.760202e+003,2.565733e+001
1.761167e+003,2.379063e+001
1.762131e+003,2.209950e+001
1.763095e+003,1.931393e+001
1.764059e+003,1.562241e+001
1.765023e+003,1.279202e+001
1.765988e+003,1.244669e+001
1.766952e+003,1.347575e+001
1.767916e+003,1.545235e+001
1.768880e+003,1.759403e+001
1.769845e+003,1.827784e+001
1.770809e+003,1.736439e+001
1.771773e+003,1.694902e+001
1.772737e+003,1.765754e+001
1.773702e+003,1.927244e+001
1.774666e+003,2.172299e+001
1.775630e+003,2.441708e+001
1.776594e+003,2.641609e+001
1.777559e+003,2.908440e+001
1.778523e+003,3.362141e+001
1.779487e+003,3.893400e+001
1.780451e+003,4.239423e+001
1.781416e+003,4.380761e+001
1.782380e+003,4.369553e+001
1.783344e+003,4.253831e+001
1.784308e+003,4.132514e+001
1.785272e+003,4.136268e+001
1.786237e+003,4.316919e+001
1.787201e+003,4.516005e+001
1.788165e+003,4.634679e+001
1.789129e+003,4.705262e+001
1.790094e+003,4.822458e+001
1.791058e+003,5.008051e+001
1.792022e+003,5.200948e+001
1.792986e+003,5.312542e+001
1.793950e+003,5.291179e+001
1.794915e+003,5.155007e+001
1.795879e+003,4.964404e+001
1.796843e+003,4.753534e+001
1.797807e+003,4.560525e+001
1.798772e+003,4.464709e+001
1.799736e+003,4.460512e+001
1.800700e+003,4.354058e+001
1.801664e+003,4.169460e+001
1.802629e+003,4.039316e+001
1.803593e+003,4.022368e+001
1.804557e+003,4.062396e+001
1.805521e+003,4.132291e+001
1.806486e+003,4.204709e+001
1.807450e+003,4.229116e+001
1.808414e+003,4.187025e+001
1.809378e+003,4.121910e+001
1.810343e+003,4.033842e+001
1.811307e+003,3.937205e+001
1.812271e+003,3.884447e+001
1.813235e+003,3.898739e+001
1.814199e+003,3.959611e+001
1.815164e+003,4.068719e+001
1.816128e+003,4.184042e+001
1.817092e+003,4.260104e+001
1.818056e+003,4.326954e+001
1.819021e+003,4.432063e+001
1.819985e+003,4.517146e+001
1.820949e+003,4.506106e+001
1.821913e+003,4.441655e+001
1.822877e+003,4.472979e+001
1.823842e+003,4.554390e+001
1.824806e+003,4.624129e+001
1.825770e+003,4.678876e+001
1.826734e+003,4.692288e+001
1.827699e+003,4.622702e+001
1.828663e+003,4.470056e+001
1.829627e+003,4.225420e+001
1.830591e+003,3.893509e+001
1.831556e+003,3.555441e+001
1.832520e+003,3.344190e+001
1.833484e+003,3.236677e+001
1.834448e+003,3.128027e+001
1.835413e+003,3.017379e+001
1.836377e+003,2.965508e+001
1.837341e+003,2.858136e+001
1.838305e+003,2.696712e+001
1.839270e+003,2.535144e+001
1.840234e+003,2.338825e+001
1.841198e+003,2.014028e+001
1.842162e+003,1.692990e+001
1.843126e+003,1.488742e+001
1.844091e+003,1.407050e+001
1.845055e+003,1.481059e+001
1.846019e+003,1.707598e+001
1.846983e+003,1.849791e+001
1.847948e+003,1.821453e+001
1.848912e+003,1.785322e+001
1.849876e+003,1.826230e+001
1.850840e+003,1.796612e+001
1.851804e+003,1.660237e+001
1.852769e+003,1.455152e+001
1.853733e+003,1.169617e+001
1.854697e+003,8.249451e+000
1.855661e+003,6.129086e+000
1.856626e+003,5.078894e+000
1.857590e+003,4.370613e+000
1.858554e+003,4.711124e+000
1.859518e+003,6.898707e+000
1.860483e+003,9.562190e+000
1.861447e+003,1.305082e+001
1.862411e+003,1.694742e+001
1.863375e+003,1.927991e+001
1.864340e+003,1.931927e+001
1.865304e+003,1.862650e+001
1.866268e+003,1.843442e+001
1.867232e+003,1.887116e+001
1.868197e+003,1.936796e+001
1.869161e+003,1.915690e+001
1.870125e+003,1.815259e+001
1.871089e+003,1.779711e+001
1.872053e+003,1.912931e+001
1.873018e+003,2.129797e+001
1.873982e+003,2.207726e+001
1.874946e+003,2.136124e+001
1.875910e+003,1.937938e+001
1.876875e+003,1.706239e+001
1.877839e+003,1.579637e+001
1.878803e+003,1.522401e+001
1.879767e+003,1.495335e+001
1.880731e+003,1.561278e+001
1.881696e+003,1.737027e+001
1.882660e+003,1.945588e+001
1.883624e+003,2.166419e+001
1.884588e+003,2.459069e+001
1.885553e+003,2.784060e+001
1.886517e+003,3.058472e+001
1.887481e+003,3.275265e+001
1.888445e+003,3.429484e+001
1.889410e+003,3.503022e+001
1.890374e+003,3.540454e+001
1.891338e+003,3.553055e+001
1.892302e+003,3.496974e+001
1.893267e+003,3.459315e+001
1.894231e+003,3.541231e+001
1.895195e+003,3.729646e+001
1.896159e+003,3.931432e+001
1.897124e+003,4.098818e+001
1.898088e+003,4.307126e+001
1.899052e+003,4.589299e+001
1.900016e+003,4.907955e+001
1.900980e+003,5.204733e+001
1.901945e+003,5.424543e+001
1.902909e+003,5.565845e+001
1.903873e+003,5.678005e+001
1.904837e+003,5.769656e+001
1.905802e+003,5.825150e+001
1.906766e+003,5.856561e+001
1.907730e+003,5.852673e+001
1.908694e+003,5.803315e+001
1.909658e+003,5.692838e+001
1.910623e+003,5.513971e+001
1.911587e+003,5.324736e+001
1.912551e+003,5.135053e+001
1.913515e+003,4.908204e+001
1.914480e+003,4.627906e+001
1.915444e+003,4.309685e+001
1.916408e+003,3.999960e+001
1.917372e+003,3.727120e+001
1.918337e+003,3.491084e+001
1.919301e+003,3.308890e+001
1.920265e+003,3.178864e+001
1.921229e+003,3.043431e+001
1.922194e+003,2.916573e+001
1.923158e+003,2.851630e+001
1.924122e+003,2.853997e+001
1.925086e+003,2.873099e+001
1.926051e+003,2.834403e+001
1.927015e+003,2.712350e+001
1.927979e+003,2.519952e+001
1.928943e+003,2.257800e+001
1.929907e+003,1.969796e+001
1.930872e+003,1.713190e+001
1.931836e+003,1.513702e+001
1.932800e+003,1.355432e+001
1.933764e+003,1.191810e+001
1.934729e+003,9.804082e+000
1.935693e+003,7.769033e+000
1.936657e+003,6.575866e+000
1.937621e+003,6.423097e+000
1.938585e+003,6.782872e+000
1.939550e+003,7.396642e+000
1.940514e+003,8.244130e+000
1.941478e+003,9.230501e+000
1.942442e+003,1.048927e+001
1.943407e+003,1.262543e+001
1.944371e+003,1.517000e+001
1.945335e+003,1.718847e+001
1.946299e+003,1.822566e+001
1.947264e+003,1.835356e+001
1.948228e+003,1.758677e+001
1.949192e+003,1.627724e+001
1.950156e+003,1.509277e+001
1.951121e+003,1.446858e+001
1.952085e+003,1.419570e+001
1.953049e+003,1.463110e+001
1.954013e+003,1.548019e+001
1.954978e+003,1.548323e+001
1.955942e+003,1.491711e+001
1.956906e+003,1.605741e+001
1.957870e+003,1.823326e+001
1.958834e+003,1.960416e+001
1.959799e+003,1.957615e+001
1.960763e+003,1.801775e+001
1.961727e+003,1.543336e+001
1.962691e+003,1.363856e+001
1.963656e+003,1.391098e+001
1.964620e+003,1.505757e+001
1.965584e+003,1.608002e+001
1.966548e+003,1.716293e+001
1.967512e+003,1.766506e+001
1.968477e+003,1.664448e+001
1.969441e+003,1.497431e+001
1.970405e+003,1.559993e+001
1.971369e+003,1.755112e+001
1.972334e+003,1.828134e+001
1.973298e+003,1.654303e+001
1.974262e+003,1.372197e+001
1.975226e+003,1.177127e+001
1.976191e+003,1.134608e+001
1.977155e+003,1.115057e+001
1.978119e+003,9.900477e+000
1.979083e+003,8.416930e+000
1.980048e+003,8.006367e+000
1.981012e+003,8.782728e+000
1.981976e+003,9.524045e+000
1.982940e+003,9.291344e+000
1.983905e+003,9.399143e+000
1.984869e+003,9.651735e+000
1.985833e+003,9.114799e+000
1.986797e+003,7.714041e+000
1.987761e+003,7.268277e+000
1.988726e+003,8.478139e+000
1.989690e+003,9.872905e+000
1.990654e+003,1.020190e+001
1.991618e+003,1.022701e+001
1.992583e+003,1.136141e+001
1.993547e+003,1.383972e+001
1.994511e+003,2.495245e+001
1.995475e+003,1.873577e+001
1.996439e+003,1.173735e+001
1.997404e+003,1.478328e+001
1.998368e+003,2.253193e+001
1.999332e+003,2.270588e+001
2.000296e+003,1.971557e+001
