5.009136e+002,1.138045e+002
5.018779e+002,1.210019e+002
5.028421e+002,1.268493e+002
5.038063e+002,1.300648e+002
5.047706e+002,1.315819e+002
5.057348e+002,1.328708e+002
5.066990e+002,1.328178e+002
5.076633e+002,1.383431e+002
5.086275e+002,1.411553e+002
5.095917e+002,1.441374e+002
5.105560e+002,1.472623e+002
5.115202e+002,1.502898e+002
5.124844e+002,1.530335e+002
5.134487e+002,1.553455e+002
5.144129e+002,1.569123e+002
5.153771e+002,1.577885e+002
5.163414e+002,1.585411e+002
5.173056e+002,1.598819e+002
5.182698e+002,1.621955e+002
5.192341e+002,1.653101e+002
5.201983e+002,1.691450e+002
5.211625e+002,1.739601e+002
5.221268e+002,1.799203e+002
5.230910e+002,1.873739e+002
5.240552e+002,1.968660e+002
5.250195e+002,2.085688e+002
5.259837e+002,2.229504e+002
5.269479e+002,2.401052e+002
5.279122e+002,2.600482e+002
5.288764e+002,2.829547e+002
5.298406e+002,3.087192e+002
5.308049e+002,3.363288e+002
5.317691e+002,3.637900e+002
5.327333e+002,3.890941e+002
5.336976e+002,4.091031e+002
5.346618e+002,4.208327e+002
5.356260e+002,4.224942e+002
5.365903e+002,4.141052e+002
5.375545e+002,3.965833e+002
5.385187e+002,3.708052e+002
5.394830e+002,3.384337e+002
5.404472e+002,3.014888e+002
5.414114e+002,2.626991e+002
5.423757e+002,2.249979e+002
5.433399e+002,1.906972e+002
5.443041e+002,1.612101e+002
5.452684e+002,1.371253e+002
5.462326e+002,1.184050e+002
5.471968e+002,1.033169e+002
5.481611e+002,9.077308e+001
5.491253e+002,8.066534e+001
5.500895e+002,7.319191e+001
5.510538e+002,6.780569e+001
5.520180e+002,6.349611e+001
5.529822e+002,5.953622e+001
5.539465e+002,5.562469e+001
5.549107e+002,5.167437e+001
5.558749e+002,4.772387e+001
5.568392e+002,4.401090e+001
5.578034e+002,4.076599e+001
5.587676e+002,3.801805e+001
5.597319e+002,3.576707e+001
5.606961e+002,3.400324e+001
5.616603e+002,3.260413e+001
5.626246e+002,3.146108e+001
5.635888e+002,3.053743e+001
5.645530e+002,2.969236e+001
5.655173e+002,2.884413e+001
5.664815e+002,2.798806e+001
5.674457e+002,2.721813e+001
5.684100e+002,2.644034e+001
5.693742e+002,2.549482e+001
5.703384e+002,2.440123e+001
5.713027e+002,2.326982e+001
5.722669e+002,2.228575e+001
5.732311e+002,2.157387e+001
5.741954e+002,2.099399e+001
5.751596e+002,2.029480e+001
5.761238e+002,1.966288e+001
5.770881e+002,1.953240e+001
5.780523e+002,2.011561e+001
5.790165e+002,2.094168e+001
5.799808e+002,2.142552e+001
5.809450e+002,2.153706e+001
5.819092e+002,2.136551e+001
5.828735e+002,2.095179e+001
5.838377e+002,2.045089e+001
5.848019e+002,2.007467e+001
5.857662e+002,2.002137e+001
5.867304e+002,2.047046e+001
5.876946e+002,2.147280e+001
5.886589e+002,2.283416e+001
5.896231e+002,2.440759e+001
5.905873e+002,2.602388e+001
5.915516e+002,2.785629e+001
5.925158e+002,2.949230e+001
5.934800e+002,3.143401e+001
5.944443e+002,3.483649e+001
5.954085e+002,4.042160e+001
5.963727e+002,4.809098e+001
5.973370e+002,5.735112e+001
5.983012e+002,6.748176e+001
5.992654e+002,7.759077e+001
6.002297e+002,8.695313e+001
6.011939e+002,9.494171e+001
6.021581e+002,1.008435e+002
6.031224e+002,1.042993e+002
6.040866e+002,1.045321e+002
6.050508e+002,1.014647e+002
6.060151e+002,9.578786e+001
6.069793e+002,8.900459e+001
6.079435e+002,8.225287e+001
6.089078e+002,7.604559e+001
6.098720e+002,7.064159e+001
6.108362e+002,6.604784e+001
6.118005e+002,6.196437e+001
6.127647e+002,5.813505e+001
6.137289e+002,5.480258e+001
6.146932e+002,5.240515e+001
6.156574e+002,5.123771e+001
6.166216e+002,5.150472e+001
6.175859e+002,5.250560e+001
6.185501e+002,5.425163e+001
6.195143e+002,5.736523e+001
6.204786e+002,6.199726e+001
6.214428e+002,6.728903e+001
6.224070e+002,7.235522e+001
6.233713e+002,7.667950e+001
6.243355e+002,7.977008e+001
6.252997e+002,8.130168e+001
6.262640e+002,8.121191e+001
6.272282e+002,7.961369e+001
6.281924e+002,7.695265e+001
6.291567e+002,7.408845e+001
6.301209e+002,7.199446e+001
6.310851e+002,7.104895e+001
6.320494e+002,7.139400e+001
6.330136e+002,7.302176e+001
6.339778e+002,7.572536e+001
6.349421e+002,7.894923e+001
6.359063e+002,8.220135e+001
6.368705e+002,8.501221e+001
6.378348e+002,8.723929e+001
6.387990e+002,8.944888e+001
6.397632e+002,9.217842e+001
6.407275e+002,9.537657e+001
6.416917e+002,9.892017e+001
6.426559e+002,1.028735e+002
6.436202e+002,1.073791e+002
6.445844e+002,1.126273e+002
6.455486e+002,1.182525e+002
6.465129e+002,1.232959e+002
6.474771e+002,1.270900e+002
6.484413e+002,1.293907e+002
6.494056e+002,1.298610e+002
6.503698e+002,1.283968e+002
6.513340e+002,1.251014e+002
6.522983e+002,1.205373e+002
6.532625e+002,1.150386e+002
6.542267e+002,1.085790e+002
6.551910e+002,1.012796e+002
6.561552e+002,9.352630e+001
6.571194e+002,8.574861e+001
6.580837e+002,7.853706e+001
6.590479e+002,7.193700e+001
6.600121e+002,6.572852e+001
6.609764e+002,6.013561e+001
6.619406e+002,5.551724e+001
6.629048e+002,5.205498e+001
6.638691e+002,4.967089e+001
6.648333e+002,4.795876e+001
6.657975e+002,4.663216e+001
6.667618e+002,4.556869e+001
6.677260e+002,4.471577e+001
6.686902e+002,4.418653e+001
6.696545e+002,4.404329e+001
6.706187e+002,4.401152e+001
6.715829e+002,4.417887e+001
6.725472e+002,4.457311e+001
6.735114e+002,4.507576e+001
6.744756e+002,4.553946e+001
6.754399e+002,4.582922e+001
6.764041e+002,4.596166e+001
6.773683e+002,4.597130e+001
6.783326e+002,4.571741e+001
6.792968e+002,4.499820e+001
6.802610e+002,4.379975e+001
6.812253e+002,4.229948e+001
6.821895e+002,4.096114e+001
6.831537e+002,4.026007e+001
6.841180e+002,4.018863e+001
6.850822e+002,4.072783e+001
6.860464e+002,4.176500e+001
6.870107e+002,4.323830e+001
6.879749e+002,4.468362e+001
6.889391e+002,4.556850e+001
6.899034e+002,4.585218e+001
6.908676e+002,4.575075e+001
6.918318e+002,4.543567e+001
6.927961e+002,4.469675e+001
6.937603e+002,4.330296e+001
6.947245e+002,4.126233e+001
6.956888e+002,3.901765e+001
6.966530e+002,3.718430e+001
6.976172e+002,3.599304e+001
6.985815e+002,3.539144e+001
6.995457e+002,3.524839e+001
7.005099e+002,3.544709e+001
7.014742e+002,3.568281e+001
7.024384e+002,3.611740e+001
7.034026e+002,3.728880e+001
7.043669e+002,3.943997e+001
7.053311e+002,4.234244e+001
7.062953e+002,4.552972e+001
7.072596e+002,4.838491e+001
7.082238e+002,5.034890e+001
7.091880e+002,5.106974e+001
7.101523e+002,5.055001e+001
7.111165e+002,4.890104e+001
7.120807e+002,4.625966e+001
7.130450e+002,4.279616e+001
7.140092e+002,3.881728e+001
7.149734e+002,3.486265e+001
7.159377e+002,3.156896e+001
7.169019e+002,2.934971e+001
7.178661e+002,2.829706e+001
7.188304e+002,2.838081e+001
7.197946e+002,2.954492e+001
7.207589e+002,3.139818e+001
7.217231e+002,3.347408e+001
7.226873e+002,3.525218e+001
7.236516e+002,3.654702e+001
7.246158e+002,3.731879e+001
7.255800e+002,3.759124e+001
7.265443e+002,3.755485e+001
7.275085e+002,3.766457e+001
7.284727e+002,3.832414e+001
7.294370e+002,3.965031e+001
7.304012e+002,4.166616e+001
7.313654e+002,4.429393e+001
7.323297e+002,4.745404e+001
7.332939e+002,5.098683e+001
7.342581e+002,5.490135e+001
7.352224e+002,5.884214e+001
7.361866e+002,6.239922e+001
7.371508e+002,6.555508e+001
7.381151e+002,6.833441e+001
7.390793e+002,7.025395e+001
7.400435e+002,7.079349e+001
7.410078e+002,6.990695e+001
7.419720e+002,6.773495e+001
7.429362e+002,6.440800e+001
7.439005e+002,6.016333e+001
7.448647e+002,5.519066e+001
7.458289e+002,4.976781e+001
7.467932e+002,4.438688e+001
7.477574e+002,3.974158e+001
7.487216e+002,3.625481e+001
7.496859e+002,3.425854e+001
7.506501e+002,3.382513e+001
7.516143e+002,3.409562e+001
7.525786e+002,3.389983e+001
7.535428e+002,3.302521e+001
7.545070e+002,3.185618e+001
7.554713e+002,3.075602e+001
7.564355e+002,2.991980e+001
7.573997e+002,2.950213e+001
7.583639e+002,2.948757e+001
7.593281e+002,2.990811e+001
7.602924e+002,3.076724e+001
7.612566e+002,3.190669e+001
7.622208e+002,3.311827e+001
7.631851e+002,3.446255e+001
7.641493e+002,3.597252e+001
7.651135e+002,3.714908e+001
7.660778e+002,3.780651e+001
7.670420e+002,3.823511e+001
7.680062e+002,3.853777e+001
7.689705e+002,3.873248e+001
7.699347e+002,3.886406e+001
7.708989e+002,3.906917e+001
7.718632e+002,3.932114e+001
7.728274e+002,3.945220e+001
7.737916e+002,3.907505e+001
7.747559e+002,3.789315e+001
7.757201e+002,3.628695e+001
7.766843e+002,3.496433e+001
7.776486e+002,3.413715e+001
7.786128e+002,3.345154e+001
7.795770e+002,3.254950e+001
7.805413e+002,3.139445e+001
7.815055e+002,3.001164e+001
7.824697e+002,2.858433e+001
7.834340e+002,2.738922e+001
7.843982e+002,2.662779e+001
7.853624e+002,2.609635e+001
7.863267e+002,2.536210e+001
7.872909e+002,2.431380e+001
7.882551e+002,2.324388e+001
7.892194e+002,2.263228e+001
7.901836e+002,2.241784e+001
7.911478e+002,2.219448e+001
7.921121e+002,2.181131e+001
7.930763e+002,2.147936e+001
7.940405e+002,2.137062e+001
7.950048e+002,2.136212e+001
7.959690e+002,2.141796e+001
7.969332e+002,2.156721e+001
7.978975e+002,2.185285e+001
7.988617e+002,2.215346e+001
7.998259e+002,2.229979e+001
8.007902e+002,2.235979e+001
8.017544e+002,2.249516e+001
8.027186e+002,2.286159e+001
8.036829e+002,2.353193e+001
8.046471e+002,2.420432e+001
8.056113e+002,2.479366e+001
8.065756e+002,2.533215e+001
8.075398e+002,2.568751e+001
8.085040e+002,2.565826e+001
8.094683e+002,2.525064e+001
8.104325e+002,2.463582e+001
8.113967e+002,2.402671e+001
8.123610e+002,2.346122e+001
8.133252e+002,2.281134e+001
8.142894e+002,2.193340e+001
8.152537e+002,2.076575e+001
8.162179e+002,1.970650e+001
8.171821e+002,1.909725e+001
8.181464e+002,1.869946e+001
8.191106e+002,1.824045e+001
8.200748e+002,1.749189e+001
8.210391e+002,1.646986e+001
8.220033e+002,1.530812e+001
8.229675e+002,1.414430e+001
8.239318e+002,1.308371e+001
8.248960e+002,1.223092e+001
8.258602e+002,1.155661e+001
8.268245e+002,1.080267e+001
8.277887e+002,9.739878e+000
8.287529e+002,8.523678e+000
8.297172e+002,7.725404e+000
8.306814e+002,7.624664e+000
8.316456e+002,8.040423e+000
8.326099e+002,8.631114e+000
8.335741e+002,8.930336e+000
8.345383e+002,8.809446e+000
8.355026e+002,8.450982e+000
8.364668e+002,8.111098e+000
8.374310e+002,7.965290e+000
8.383953e+002,7.798422e+000
8.393595e+002,7.347187e+000
8.403237e+002,6.628273e+000
8.412880e+002,5.893978e+000
8.422522e+002,5.411607e+000
8.432164e+002,5.245773e+000
8.441807e+002,5.409372e+000
8.451449e+002,5.816418e+000
8.461091e+002,6.236827e+000
8.470734e+002,6.333928e+000
8.480376e+002,6.165222e+000
8.490018e+002,6.045901e+000
8.499661e+002,6.057606e+000
8.509303e+002,6.087225e+000
8.518945e+002,5.754378e+000
8.528588e+002,4.874721e+000
8.538230e+002,3.526073e+000
8.547872e+002,2.101732e+000
8.557515e+002,1.067461e+000
8.567157e+002,5.466914e-001
8.576799e+002,4.367161e-001
8.586442e+002,6.031275e-001
8.596084e+002,1.056833e+000
8.605726e+002,1.936798e+000
8.615369e+002,3.228379e+000
8.625011e+002,4.692498e+000
8.634653e+002,6.028197e+000
8.644296e+002,7.065004e+000
8.653938e+002,7.571170e+000
8.663580e+002,7.470741e+000
8.673223e+002,7.112539e+000
8.682865e+002,7.028470e+000
8.692507e+002,7.271336e+000
8.702150e+002,7.490921e+000
8.711792e+002,7.465210e+000
8.721434e+002,7.298132e+000
8.731077e+002,7.164414e+000
8.740719e+002,7.103276e+000
8.750361e+002,6.959501e+000
8.760004e+002,6.646691e+000
8.769646e+002,6.299638e+000
8.779288e+002,6.105954e+000
8.788931e+002,5.930949e+000
8.798573e+002,5.705656e+000
8.808215e+002,5.692184e+000
8.817858e+002,6.028090e+000
8.827500e+002,6.612938e+000
8.837142e+002,6.977203e+000
8.846785e+002,6.840685e+000
8.856427e+002,6.400181e+000
8.866069e+002,5.856729e+000
8.875712e+002,5.289582e+000
8.885354e+002,4.689654e+000
8.894996e+002,4.093161e+000
8.904639e+002,3.667927e+000
8.914281e+002,3.467748e+000
8.923923e+002,3.254881e+000
8.933566e+002,3.004419e+000
8.943208e+002,2.956460e+000
8.952850e+002,3.194586e+000
8.962493e+002,3.504605e+000
8.972135e+002,3.438715e+000
8.981777e+002,3.022772e+000
8.991420e+002,2.606909e+000
9.001062e+002,2.366171e+000
9.010704e+002,2.334701e+000
9.020347e+002,2.395146e+000
9.029989e+002,2.451350e+000
9.039631e+002,2.609837e+000
9.049274e+002,3.023350e+000
9.058916e+002,3.800162e+000
9.068558e+002,4.789323e+000
9.078201e+002,5.718259e+000
9.087843e+002,6.429521e+000
9.097485e+002,6.927796e+000
9.107128e+002,7.308197e+000
9.116770e+002,7.537262e+000
9.126412e+002,7.468212e+000
9.136055e+002,7.112713e+000
9.145697e+002,6.626059e+000
9.155339e+002,6.068358e+000
9.164982e+002,5.462358e+000
9.174624e+002,4.961245e+000
9.184266e+002,4.723170e+000
9.193909e+002,4.631601e+000
9.203551e+002,4.405827e+000
9.213193e+002,4.060394e+000
9.222836e+002,3.937234e+000
9.232478e+002,4.223659e+000
9.242120e+002,4.660199e+000
9.251763e+002,4.957161e+000
9.261405e+002,5.162632e+000
9.271047e+002,5.595566e+000
9.280690e+002,6.408159e+000
9.290332e+002,7.347493e+000
9.299974e+002,8.166935e+000
9.309617e+002,8.776854e+000
9.319259e+002,9.069929e+000
9.328901e+002,8.964743e+000
9.338544e+002,8.658356e+000
9.348186e+002,8.476006e+000
9.357828e+002,8.419991e+000
9.367471e+002,8.251607e+000
9.377113e+002,7.801271e+000
9.386755e+002,7.315130e+000
9.396398e+002,7.145747e+000
9.406040e+002,7.501481e+000
9.415682e+002,8.286745e+000
9.425325e+002,9.123011e+000
9.434967e+002,9.837109e+000
9.444609e+002,1.043415e+001
9.454252e+002,1.103211e+001
9.463894e+002,1.176163e+001
9.473536e+002,1.244130e+001
9.483179e+002,1.277191e+001
9.492821e+002,1.262033e+001
9.502463e+002,1.228569e+001
9.512106e+002,1.216849e+001
9.521748e+002,1.215213e+001
9.531390e+002,1.213239e+001
9.541033e+002,1.215959e+001
9.550675e+002,1.221109e+001
9.560317e+002,1.212711e+001
9.569960e+002,1.195357e+001
9.579602e+002,1.186846e+001
9.589244e+002,1.197532e+001
9.598887e+002,1.217754e+001
9.608529e+002,1.224913e+001
9.618171e+002,1.230631e+001
9.627814e+002,1.274688e+001
9.637456e+002,1.366956e+001
9.647098e+002,1.482335e+001
9.656741e+002,1.586298e+001
9.666383e+002,1.694117e+001
9.676025e+002,1.826153e+001
9.685668e+002,1.968230e+001
9.695310e+002,2.107874e+001
9.704952e+002,2.237914e+001
9.714595e+002,2.344963e+001
9.724237e+002,2.411616e+001
9.733879e+002,2.434410e+001
9.743522e+002,2.419201e+001
9.753164e+002,2.376930e+001
9.762806e+002,2.312240e+001
9.772449e+002,2.206049e+001
9.782091e+002,2.048941e+001
9.791733e+002,1.860710e+001
9.801376e+002,1.673800e+001
9.811018e+002,1.498978e+001
9.820660e+002,1.331212e+001
9.830303e+002,1.186523e+001
9.839945e+002,1.075099e+001
9.849587e+002,1.006711e+001
9.859230e+002,9.949223e+000
9.868872e+002,1.033977e+001
9.878514e+002,1.104306e+001
9.888157e+002,1.193663e+001
9.897799e+002,1.308373e+001
9.907441e+002,1.443599e+001
9.917084e+002,1.575499e+001
9.926726e+002,1.696190e+001
9.936368e+002,1.801632e+001
9.946011e+002,1.874492e+001
9.955653e+002,1.901631e+001
9.965295e+002,1.924454e+001
9.974938e+002,1.979609e+001
9.984580e+002,2.086361e+001
9.994222e+002,2.248337e+001
1.000386e+003,2.449787e+001
1.001351e+003,2.663346e+001
1.002315e+003,2.867549e+001
1.003279e+003,3.103944e+001
1.004243e+003,3.409491e+001
1.005208e+003,3.778144e+001
1.006172e+003,4.164490e+001
1.007136e+003,4.509530e+001
1.008100e+003,4.781564e+001
1.009065e+003,4.980628e+001
1.010029e+003,5.134370e+001
1.010993e+003,5.226495e+001
1.011957e+003,5.233245e+001
1.012922e+003,5.153362e+001
1.013886e+003,4.989798e+001
1.014850e+003,4.743266e+001
1.015814e+003,4.441560e+001
1.016778e+003,4.158672e+001
1.017743e+003,3.931546e+001
1.018707e+003,3.749376e+001
1.019671e+003,3.608006e+001
1.020635e+003,3.532469e+001
1.021600e+003,3.542019e+001
1.022564e+003,3.612782e+001
1.023528e+003,3.694858e+001
1.024492e+003,3.781232e+001
1.025457e+003,3.882915e+001
1.026421e+003,4.008621e+001
1.027385e+003,4.149347e+001
1.028349e+003,4.296087e+001
1.029313e+003,4.461032e+001
1.030278e+003,4.657398e+001
1.031242e+003,4.859117e+001
1.032206e+003,5.040915e+001
1.033170e+003,5.212026e+001
1.034135e+003,5.385667e+001
1.035099e+003,5.550542e+001
1.036063e+003,5.691149e+001
1.037027e+003,5.809418e+001
1.037992e+003,5.959238e+001
1.038956e+003,6.189417e+001
1.039920e+003,6.562315e+001
1.040884e+003,6.932246e+001
1.041849e+003,7.194681e+001
1.042813e+003,7.409686e+001
1.043777e+003,7.677573e+001
1.044741e+003,8.045108e+001
1.045705e+003,8.560744e+001
1.046670e+003,9.271010e+001
1.047634e+003,1.021236e+002
1.048598e+003,1.138922e+002
1.049562e+003,1.280042e+002
1.050527e+003,1.444695e+002
1.051491e+003,1.631594e+002
1.052455e+003,1.837280e+002
1.053419e+003,2.050945e+002
1.054384e+003,2.244162e+002
1.055348e+003,2.405559e+002
1.056312e+003,2.536797e+002
1.057276e+003,2.635059e+002
1.058240e+003,2.696277e+002
1.059205e+003,2.715593e+002
1.060169e+003,2.689921e+002
1.061133e+003,2.622465e+002
1.062097e+003,2.524706e+002
1.063062e+003,2.409521e+002
1.064026e+003,2.284059e+002
1.064990e+003,2.154466e+002
1.065954e+003,2.031491e+002
1.066919e+003,1.925657e+002
1.067883e+003,1.843334e+002
1.068847e+003,1.789267e+002
1.069811e+003,1.766688e+002
1.070776e+003,1.778199e+002
1.071740e+003,1.825827e+002
1.072704e+003,1.905365e+002
1.073668e+003,2.014167e+002
1.074632e+003,2.148215e+002
1.075597e+003,2.298053e+002
1.076561e+003,2.446917e+002
1.077525e+003,2.571350e+002
1.078489e+003,2.653324e+002
1.079454e+003,2.686362e+002
1.080418e+003,2.669803e+002
1.081382e+003,2.609236e+002
1.082346e+003,2.523295e+002
1.083311e+003,2.435418e+002
1.084275e+003,2.366255e+002
1.085239e+003,2.328945e+002
1.086203e+003,2.329466e+002
1.087167e+003,2.367510e+002
1.088132e+003,2.433787e+002
1.089096e+003,2.511521e+002
1.090060e+003,2.584059e+002
1.091024e+003,2.627302e+002
1.091989e+003,2.618040e+002
1.092953e+003,2.545253e+002
1.093917e+003,2.408670e+002
1.094881e+003,2.219854e+002
1.095846e+003,1.997956e+002
1.096810e+003,1.758428e+002
1.097774e+003,1.513679e+002
1.098738e+003,1.277512e+002
1.099703e+003,1.061259e+002
1.100667e+003,8.737364e+001
1.101631e+003,7.208578e+001
1.102595e+003,6.035241e+001
1.103559e+003,5.193796e+001
1.104524e+003,4.592313e+001
1.105488e+003,4.163400e+001
1.106452e+003,3.894944e+001
1.107416e+003,3.722697e+001
1.108381e+003,3.554873e+001
1.109345e+003,3.335140e+001
1.110309e+003,3.092379e+001
1.111273e+003,2.878261e+001
1.112238e+003,2.699839e+001
1.113202e+003,2.549052e+001
1.114166e+003,2.423225e+001
1.115130e+003,2.316456e+001
1.116094e+003,2.219188e+001
1.117059e+003,2.150964e+001
1.118023e+003,2.132342e+001
1.118987e+003,2.159329e+001
1.119951e+003,2.190377e+001
1.120916e+003,2.146903e+001
1.121880e+003,2.030228e+001
1.122844e+003,1.897028e+001
1.123808e+003,1.797249e+001
1.124773e+003,1.721830e+001
1.125737e+003,1.636705e+001
1.126701e+003,1.543022e+001
1.127665e+003,1.446473e+001
1.128630e+003,1.356742e+001
1.129594e+003,1.286775e+001
1.130558e+003,1.255791e+001
1.131522e+003,1.249945e+001
1.132486e+003,1.233175e+001
1.133451e+003,1.189764e+001
1.134415e+003,1.137789e+001
1.135379e+003,1.108982e+001
1.136343e+003,1.101992e+001
1.137308e+003,1.087033e+001
1.138272e+003,1.047159e+001
1.139236e+003,9.866313e+000
1.140200e+003,9.097682e+000
1.141165e+003,8.307796e+000
1.142129e+003,7.859699e+000
1.143093e+003,8.198114e+000
1.144057e+003,8.873032e+000
1.145021e+003,9.267085e+000
1.145986e+003,9.294825e+000
1.146950e+003,9.255002e+000
1.147914e+003,9.493195e+000
1.148878e+003,9.951489e+000
1.149843e+003,1.034021e+001
1.150807e+003,1.068136e+001
1.151771e+003,1.121650e+001
1.152735e+003,1.201654e+001
1.153700e+003,1.260927e+001
1.154664e+003,1.280445e+001
1.155628e+003,1.316579e+001
1.156592e+003,1.396742e+001
1.157557e+003,1.451984e+001
1.158521e+003,1.447657e+001
1.159485e+003,1.415156e+001
1.160449e+003,1.385097e+001
1.161413e+003,1.364467e+001
1.162378e+003,1.352304e+001
1.163342e+003,1.377835e+001
1.164306e+003,1.494728e+001
1.165270e+003,1.711696e+001
1.166235e+003,2.000021e+001
1.167199e+003,2.328463e+001
1.168163e+003,2.717946e+001
1.169127e+003,3.227133e+001
1.170092e+003,3.859027e+001
1.171056e+003,4.567263e+001
1.172020e+003,5.296248e+001
1.172984e+003,5.994176e+001
1.173948e+003,6.599681e+001
1.174913e+003,7.081761e+001
1.175877e+003,7.383749e+001
1.176841e+003,7.442757e+001
1.177805e+003,7.263354e+001
1.178770e+003,6.903140e+001
1.179734e+003,6.442957e+001
1.180698e+003,5.953833e+001
1.181662e+003,5.485170e+001
1.182627e+003,5.106363e+001
1.183591e+003,4.868634e+001
1.184555e+003,4.785645e+001
1.185519e+003,4.847753e+001
1.186484e+003,5.029052e+001
1.187448e+003,5.227707e+001
1.188412e+003,5.354644e+001
1.189376e+003,5.335209e+001
1.190340e+003,5.165780e+001
1.191305e+003,4.901742e+001
1.192269e+003,4.572871e+001
1.193233e+003,4.190825e+001
1.194197e+003,3.769938e+001
1.195162e+003,3.338887e+001
1.196126e+003,2.947963e+001
1.197090e+003,2.629317e+001
1.198054e+003,2.387778e+001
1.199019e+003,2.202586e+001
1.199983e+003,2.045443e+001
1.200947e+003,1.867820e+001
1.201911e+003,1.682440e+001
1.202875e+003,1.523210e+001
1.203840e+003,1.406699e+001
1.204804e+003,1.320669e+001
1.205768e+003,1.244119e+001
1.206732e+003,1.180075e+001
1.207697e+003,1.125431e+001
1.208661e+003,1.064942e+001
1.209625e+003,1.015233e+001
1.210589e+003,1.004745e+001
1.211554e+003,1.027967e+001
1.212518e+003,1.028973e+001
1.213482e+003,9.807711e+000
1.214446e+003,9.212679e+000
1.215411e+003,8.818973e+000
1.216375e+003,8.606926e+000
1.217339e+003,8.403049e+000
1.218303e+003,8.141603e+000
1.219267e+003,8.004170e+000
1.220232e+003,8.063449e+000
1.221196e+003,8.086849e+000
1.222160e+003,7.908042e+000
1.223124e+003,7.841460e+000
1.224089e+003,8.130789e+000
1.225053e+003,8.611393e+000
1.226017e+003,8.933968e+000
1.226981e+003,9.190311e+000
1.227946e+003,9.691473e+000
1.228910e+003,1.044192e+001
1.229874e+003,1.112609e+001
1.230838e+003,1.138887e+001
1.231802e+003,1.131703e+001
1.232767e+003,1.136826e+001
1.233731e+003,1.180513e+001
1.234695e+003,1.211058e+001
1.235659e+003,1.190252e+001
1.236624e+003,1.147046e+001
1.237588e+003,1.130957e+001
1.238552e+003,1.162645e+001
1.239516e+003,1.194984e+001
1.240481e+003,1.193174e+001
1.241445e+003,1.184622e+001
1.242409e+003,1.203577e+001
1.243373e+003,1.235067e+001
1.244338e+003,1.243228e+001
1.245302e+003,1.239561e+001
1.246266e+003,1.261003e+001
1.247230e+003,1.312816e+001
1.248194e+003,1.346149e+001
1.249159e+003,1.358514e+001
1.250123e+003,1.383914e+001
1.251087e+003,1.430744e+001
1.252051e+003,1.481044e+001
1.253016e+003,1.507605e+001
1.253980e+003,1.548603e+001
1.254944e+003,1.629162e+001
1.255908e+003,1.718140e+001
1.256873e+003,1.796290e+001
1.257837e+003,1.862391e+001
1.258801e+003,1.927520e+001
1.259765e+003,1.973664e+001
1.260729e+003,1.978696e+001
1.261694e+003,1.963584e+001
1.262658e+003,1.949462e+001
1.263622e+003,1.939779e+001
1.264586e+003,1.929720e+001
1.265551e+003,1.934790e+001
1.266515e+003,1.969687e+001
1.267479e+003,2.025469e+001
1.268443e+003,2.069519e+001
1.269408e+003,2.105045e+001
1.270372e+003,2.148984e+001
1.271336e+003,2.171090e+001
1.272300e+003,2.159326e+001
1.273265e+003,2.128281e+001
1.274229e+003,2.107205e+001
1.275193e+003,2.099232e+001
1.276157e+003,2.071929e+001
1.277121e+003,2.013645e+001
1.278086e+003,1.922732e+001
1.279050e+003,1.812042e+001
1.280014e+003,1.698466e+001
1.280978e+003,1.596261e+001
1.281943e+003,1.501753e+001
1.282907e+003,1.404728e+001
1.283871e+003,1.303249e+001
1.284835e+003,1.217820e+001
1.285800e+003,1.186912e+001
1.286764e+003,1.199724e+001
1.287728e+003,1.223037e+001
1.288692e+003,1.228244e+001
1.289656e+003,1.218998e+001
1.290621e+003,1.214430e+001
1.291585e+003,1.218187e+001
1.292549e+003,1.224487e+001
1.293513e+003,1.218952e+001
1.294478e+003,1.202545e+001
1.295442e+003,1.190002e+001
1.296406e+003,1.215684e+001
1.297370e+003,1.266682e+001
1.298335e+003,1.313995e+001
1.299299e+003,1.327242e+001
1.300263e+003,1.292603e+001
1.301227e+003,1.233218e+001
1.302192e+003,1.168201e+001
1.303156e+003,1.097641e+001
1.304120e+003,1.008773e+001
1.305084e+003,8.987297e+000
1.306048e+003,7.805656e+000
1.307013e+003,6.866153e+000
1.307977e+003,6.403145e+000
1.308941e+003,6.401502e+000
1.309905e+003,6.714353e+000
1.310870e+003,7.007391e+000
1.311834e+003,7.413146e+000
1.312798e+003,7.941959e+000
1.313762e+003,8.505479e+000
1.314727e+003,8.881790e+000
1.315691e+003,8.854565e+000
1.316655e+003,8.360883e+000
1.317619e+003,7.508471e+000
1.318583e+003,6.511229e+000
1.319548e+003,5.619014e+000
1.320512e+003,4.940636e+000
1.321476e+003,4.252539e+000
1.322440e+003,3.414257e+000
1.323405e+003,2.629947e+000
1.324369e+003,2.138343e+000
1.325333e+003,2.017394e+000
1.326297e+003,2.164063e+000
1.327262e+003,2.636405e+000
1.328226e+003,3.213059e+000
1.329190e+003,3.660027e+000
1.330154e+003,4.094297e+000
1.331119e+003,4.762286e+000
1.332083e+003,5.639086e+000
1.333047e+003,6.386059e+000
1.334011e+003,6.782270e+000
1.334975e+003,6.877851e+000
1.335940e+003,6.770365e+000
1.336904e+003,6.454769e+000
1.337868e+003,5.786427e+000
1.338832e+003,4.967186e+000
1.339797e+003,4.473300e+000
1.340761e+003,4.498544e+000
1.341725e+003,4.855360e+000
1.342689e+003,5.487722e+000
1.343654e+003,6.435318e+000
1.344618e+003,7.587073e+000
1.345582e+003,8.708309e+000
1.346546e+003,9.542534e+000
1.347510e+003,1.009909e+001
1.348475e+003,1.046826e+001
1.349439e+003,1.056417e+001
1.350403e+003,1.035001e+001
1.351367e+003,9.896236e+000
1.352332e+003,9.440596e+000
1.353296e+003,9.054379e+000
1.354260e+003,8.729531e+000
1.355224e+003,8.564269e+000
1.356189e+003,8.649837e+000
1.357153e+003,9.000523e+000
1.358117e+003,9.703966e+000
1.359081e+003,1.053760e+001
1.360046e+003,1.120989e+001
1.361010e+003,1.164559e+001
1.361974e+003,1.187665e+001
1.362938e+003,1.199104e+001
1.363902e+003,1.210945e+001
1.364867e+003,1.216747e+001
1.365831e+003,1.200130e+001
1.366795e+003,1.156514e+001
1.367759e+003,1.102310e+001
1.368724e+003,1.042817e+001
1.369688e+003,1.004227e+001
1.370652e+003,1.033735e+001
1.371616e+003,1.139193e+001
1.372581e+003,1.274571e+001
1.373545e+003,1.413165e+001
1.374509e+003,1.561372e+001
1.375473e+003,1.722499e+001
1.376438e+003,1.877082e+001
1.377402e+003,2.003106e+001
1.378366e+003,2.089486e+001
1.379330e+003,2.132811e+001
1.380294e+003,2.126612e+001
1.381259e+003,2.075041e+001
1.382223e+003,1.988364e+001
1.383187e+003,1.886232e+001
1.384151e+003,1.769307e+001
1.385116e+003,1.633807e+001
1.386080e+003,1.481052e+001
1.387044e+003,1.333956e+001
1.388008e+003,1.233650e+001
1.388973e+003,1.210904e+001
1.389937e+003,1.204593e+001
1.390901e+003,1.170101e+001
1.391865e+003,1.120506e+001
1.392829e+003,1.081263e+001
1.393794e+003,1.068115e+001
1.394758e+003,1.090951e+001
1.395722e+003,1.129480e+001
1.396686e+003,1.134667e+001
1.397651e+003,1.085389e+001
1.398615e+003,1.018747e+001
1.399579e+003,9.798819e+000
1.400543e+003,9.764095e+000
1.401508e+003,9.982868e+000
1.402472e+003,1.026058e+001
1.403436e+003,1.006202e+001
1.404400e+003,9.472032e+000
1.405365e+003,9.125103e+000
1.406329e+003,9.324576e+000
1.407293e+003,9.780697e+000
1.408257e+003,1.013540e+001
1.409221e+003,1.037671e+001
1.410186e+003,1.077640e+001
1.411150e+003,1.143002e+001
1.412114e+003,1.223586e+001
1.413078e+003,1.302147e+001
1.414043e+003,1.343662e+001
1.415007e+003,1.343596e+001
1.415971e+003,1.301033e+001
1.416935e+003,1.217650e+001
1.417900e+003,1.119891e+001
1.418864e+003,1.052481e+001
1.419828e+003,1.016038e+001
1.420792e+003,9.742808e+000
1.421756e+003,9.216917e+000
1.422721e+003,8.726876e+000
1.423685e+003,8.357864e+000
1.424649e+003,8.063398e+000
1.425613e+003,7.945967e+000
1.426578e+003,8.050829e+000
1.427542e+003,8.328976e+000
1.428506e+003,8.756091e+000
1.429470e+003,9.316669e+000
1.430435e+003,1.014573e+001
1.431399e+003,1.116588e+001
1.432363e+003,1.225776e+001
1.433327e+003,1.317349e+001
1.434292e+003,1.360917e+001
1.435256e+003,1.360639e+001
1.436220e+003,1.348392e+001
1.437184e+003,1.340863e+001
1.438148e+003,1.346175e+001
1.439113e+003,1.359783e+001
1.440077e+003,1.372908e+001
1.441041e+003,1.387406e+001
1.442005e+003,1.419555e+001
1.442970e+003,1.484120e+001
1.443934e+003,1.558354e+001
1.444898e+003,1.584023e+001
1.445862e+003,1.554705e+001
1.446827e+003,1.507653e+001
1.447791e+003,1.466271e+001
1.448755e+003,1.441903e+001
1.449719e+003,1.427148e+001
1.450683e+003,1.409651e+001
1.451648e+003,1.385645e+001
1.452612e+003,1.364176e+001
1.453576e+003,1.364834e+001
1.454540e+003,1.383069e+001
1.455505e+003,1.390969e+001
1.456469e+003,1.372150e+001
1.457433e+003,1.314827e+001
1.458397e+003,1.222646e+001
1.459362e+003,1.149799e+001
1.460326e+003,1.161726e+001
1.461290e+003,1.240310e+001
1.462254e+003,1.335058e+001
1.463219e+003,1.439693e+001
1.464183e+003,1.600683e+001
1.465147e+003,1.829191e+001
1.466111e+003,2.076631e+001
1.467075e+003,2.299980e+001
1.468040e+003,2.462556e+001
1.469004e+003,2.531939e+001
1.469968e+003,2.497906e+001
1.470932e+003,2.367510e+001
1.471897e+003,2.152139e+001
1.472861e+003,1.865144e+001
1.473825e+003,1.536511e+001
1.474789e+003,1.223080e+001
1.475754e+003,9.851610e+000
1.476718e+003,8.416734e+000
1.477682e+003,8.018811e+000
1.478646e+003,8.323704e+000
1.479610e+003,8.716869e+000
1.480575e+003,9.056857e+000
1.481539e+003,9.437960e+000
1.482503e+003,9.823014e+000
1.483467e+003,1.007446e+001
1.484432e+003,1.005392e+001
1.485396e+003,9.336694e+000
1.486360e+003,7.629699e+000
1.487324e+003,5.570310e+000
1.488289e+003,4.031886e+000
1.489253e+003,3.213808e+000
1.490217e+003,2.730191e+000
1.491181e+003,2.516508e+000
1.492146e+003,2.580044e+000
1.493110e+003,2.901080e+000
1.494074e+003,3.473540e+000
1.495038e+003,4.237418e+000
1.496002e+003,5.229004e+000
1.496967e+003,6.445526e+000
1.497931e+003,7.748546e+000
1.498895e+003,8.880059e+000
1.499859e+003,9.653570e+000
1.500824e+003,9.881599e+000
1.501788e+003,9.496143e+000
1.502752e+003,8.797423e+000
1.503716e+003,8.062773e+000
1.504681e+003,7.501451e+000
1.505645e+003,7.253897e+000
1.506609e+003,7.214056e+000
1.507573e+003,7.248709e+000
1.508537e+003,7.258398e+000
1.509502e+003,7.284392e+000
1.510466e+003,7.324384e+000
1.511430e+003,7.632874e+000
1.512394e+003,8.232792e+000
1.513359e+003,8.749794e+000
1.514323e+003,8.799846e+000
1.515287e+003,8.528821e+000
1.516251e+003,8.146014e+000
1.517216e+003,7.944160e+000
1.518180e+003,8.200764e+000
1.519144e+003,8.907141e+000
1.520108e+003,9.690369e+000
1.521073e+003,1.033513e+001
1.522037e+003,1.107447e+001
1.523001e+003,1.198129e+001
1.523965e+003,1.275490e+001
1.524929e+003,1.300196e+001
1.525894e+003,1.282288e+001
1.526858e+003,1.248659e+001
1.527822e+003,1.200708e+001
1.528786e+003,1.124111e+001
1.529750e+003,1.024709e+001
1.530715e+003,9.612950e+000
1.531679e+003,9.598774e+000
1.532643e+003,9.955144e+000
1.533607e+003,1.040687e+001
1.534572e+003,1.108880e+001
1.535536e+003,1.224882e+001
1.536500e+003,1.359527e+001
1.537464e+003,1.455321e+001
1.538429e+003,1.504866e+001
1.539393e+003,1.582227e+001
1.540357e+003,1.711861e+001
1.541321e+003,1.839870e+001
1.542286e+003,1.934388e+001
1.543250e+003,1.997678e+001
1.544214e+003,2.042359e+001
1.545178e+003,2.079476e+001
1.546143e+003,2.127246e+001
1.547107e+003,2.174568e+001
1.548071e+003,2.205712e+001
1.549035e+003,2.227721e+001
1.550000e+003,2.278791e+001
1.550964e+003,2.388910e+001
1.551928e+003,2.575528e+001
1.552892e+003,2.857474e+001
1.553856e+003,3.240199e+001
1.554821e+003,3.689305e+001
1.555785e+003,4.308321e+001
1.556749e+003,5.184556e+001
1.557713e+003,6.376900e+001
1.558677e+003,7.905026e+001
1.559642e+003,9.737346e+001
1.560606e+003,1.182566e+002
1.561570e+003,1.402593e+002
1.562534e+003,1.607599e+002
1.563499e+003,1.773937e+002
1.564463e+003,1.881915e+002
1.565427e+003,1.917065e+002
1.566391e+003,1.877136e+002
1.567356e+003,1.767051e+002
1.568320e+003,1.599054e+002
1.569284e+003,1.398880e+002
1.570248e+003,1.185738e+002
1.571213e+003,9.753778e+001
1.572177e+003,7.838731e+001
1.573141e+003,6.285241e+001
1.574105e+003,5.222195e+001
1.575070e+003,4.530894e+001
1.576034e+003,4.025461e+001
1.576998e+003,3.652977e+001
1.577962e+003,3.388937e+001
1.578927e+003,3.202263e+001
1.579891e+003,3.078421e+001
1.580855e+003,3.004592e+001
1.581819e+003,2.992266e+001
1.582783e+003,3.028734e+001
1.583748e+003,3.039797e+001
1.584712e+003,2.955025e+001
1.585676e+003,2.843533e+001
1.586640e+003,2.771981e+001
1.587604e+003,2.715010e+001
1.588569e+003,2.576073e+001
1.589533e+003,2.368465e+001
1.590497e+003,2.187156e+001
1.591461e+003,2.052547e+001
1.592426e+003,1.928996e+001
1.593390e+003,1.795054e+001
1.594354e+003,1.684114e+001
1.595318e+003,1.617300e+001
1.596283e+003,1.589148e+001
1.597247e+003,1.572727e+001
1.598211e+003,1.553254e+001
1.599175e+003,1.551708e+001
1.600140e+003,1.567006e+001
1.601104e+003,1.585892e+001
1.602068e+003,1.593154e+001
1.603032e+003,1.602270e+001
1.603997e+003,1.619871e+001
1.604961e+003,1.599279e+001
1.605925e+003,1.515262e+001
1.606889e+003,1.402982e+001
1.607854e+003,1.315265e+001
1.608818e+003,1.255149e+001
1.609782e+003,1.219860e+001
1.610746e+003,1.201577e+001
1.611710e+003,1.176613e+001
1.612675e+003,1.138597e+001
1.613639e+003,1.126147e+001
1.614603e+003,1.152332e+001
1.615567e+003,1.191446e+001
1.616531e+003,1.217067e+001
1.617496e+003,1.215105e+001
1.618460e+003,1.168489e+001
1.619424e+003,1.124257e+001
1.620388e+003,1.126409e+001
1.621353e+003,1.153710e+001
1.622317e+003,1.152267e+001
1.623281e+003,1.119649e+001
1.624245e+003,1.101882e+001
1.625210e+003,1.099313e+001
1.626174e+003,1.086649e+001
1.627138e+003,1.045012e+001
1.628102e+003,9.626878e+000
1.629067e+003,8.371704e+000
1.630031e+003,7.008186e+000
1.630995e+003,5.781002e+000
1.631959e+003,4.869629e+000
1.632924e+003,4.687927e+000
1.633888e+003,5.103776e+000
1.634852e+003,5.764135e+000
1.635816e+003,6.376765e+000
1.636781e+003,6.893940e+000
1.637745e+003,7.412177e+000
1.638709e+003,8.037832e+000
1.639673e+003,8.600397e+000
1.640637e+003,8.735646e+000
1.641602e+003,8.233511e+000
1.642566e+003,7.243336e+000
1.643530e+003,6.133264e+000
1.644494e+003,5.191026e+000
1.645458e+003,4.564818e+000
1.646423e+003,4.248291e+000
1.647387e+003,4.085285e+000
1.648351e+003,4.025911e+000
1.649315e+003,3.952807e+000
1.650280e+003,3.834814e+000
1.651244e+003,3.923426e+000
1.652208e+003,4.531628e+000
1.653172e+003,5.212526e+000
1.654137e+003,5.502646e+000
1.655101e+003,5.409099e+000
1.656065e+003,5.112634e+000
1.657029e+003,4.697057e+000
1.657994e+003,4.333117e+000
1.658958e+003,4.124108e+000
1.659922e+003,4.090800e+000
1.660886e+003,4.180861e+000
1.661851e+003,4.363060e+000
1.662815e+003,4.687855e+000
1.663779e+003,5.280424e+000
1.664743e+003,6.070644e+000
1.665708e+003,6.749957e+000
1.666672e+003,6.890295e+000
1.667636e+003,6.888154e+000
1.668600e+003,7.120273e+000
1.669564e+003,7.263480e+000
1.670529e+003,6.845322e+000
1.671493e+003,5.975040e+000
1.672457e+003,5.256252e+000
1.673421e+003,4.695218e+000
1.674385e+003,3.846727e+000
1.675350e+003,2.692757e+000
1.676314e+003,1.918771e+000
1.677278e+003,1.928933e+000
1.678242e+003,2.304337e+000
1.679207e+003,2.639998e+000
1.680171e+003,2.922312e+000
1.681135e+003,3.560225e+000
1.682099e+003,4.386286e+000
1.683064e+003,4.889485e+000
1.684028e+003,4.903018e+000
1.684992e+003,4.711437e+000
1.685956e+003,4.586334e+000
1.686921e+003,4.408897e+000
1.687885e+003,3.920233e+000
1.688849e+003,3.178477e+000
1.689813e+003,2.480174e+000
1.690778e+003,1.960168e+000
1.691742e+003,1.468033e+000
1.692706e+003,1.093688e+000
1.693670e+003,9.768491e-001
1.694635e+003,1.210927e+000
1.695599e+003,1.935230e+000
1.696563e+003,2.823429e+000
1.697527e+003,3.463486e+000
1.698491e+003,3.757572e+000
1.699456e+003,3.838743e+000
1.700420e+003,3.857225e+000
1.701384e+003,3.702275e+000
1.702348e+003,3.153471e+000
1.703313e+003,2.228855e+000
1.704277e+003,1.234638e+000
1.705241e+003,4.357786e-001
1.706205e+003,0.000000e+000
1.707169e+003,1.621008e-001
1.708134e+003,1.053639e+000
1.709098e+003,2.530603e+000
1.710062e+003,4.075602e+000
1.711026e+003,5.395915e+000
1.711991e+003,6.433796e+000
1.712955e+003,7.166236e+000
1.713919e+003,7.642102e+000
1.714883e+003,7.916648e+000
1.715848e+003,7.779090e+000
1.716812e+003,7.126556e+000
1.717776e+003,6.209865e+000
1.718740e+003,5.417154e+000
1.719705e+003,4.670449e+000
1.720669e+003,4.003166e+000
1.721633e+003,3.762101e+000
1.722597e+003,4.101722e+000
1.723562e+003,4.700591e+000
1.724526e+003,4.960269e+000
1.725490e+003,5.032362e+000
1.726454e+003,5.227847e+000
1.727418e+003,5.569302e+000
1.728383e+003,5.961912e+000
1.729347e+003,6.278866e+000
1.730311e+003,6.391704e+000
1.731275e+003,6.257693e+000
1.732240e+003,5.742054e+000
1.733204e+003,4.664363e+000
1.734168e+003,3.747929e+000
1.735132e+003,3.653991e+000
1.736096e+003,4.063089e+000
1.737061e+003,4.320830e+000
1.738025e+003,4.122322e+000
1.738989e+003,3.800432e+000
1.739953e+003,3.691689e+000
1.740918e+003,3.778273e+000
1.741882e+003,4.202125e+000
1.742846e+003,5.292562e+000
1.743810e+003,6.694654e+000
1.744775e+003,7.567485e+000
1.745739e+003,7.688122e+000
1.746703e+003,7.527731e+000
1.747667e+003,7.733282e+000
1.748632e+003,8.095950e+000
1.749596e+003,8.181042e+000
1.750560e+003,7.864855e+000
1.751524e+003,7.127287e+000
1.752489e+003,6.237686e+000
1.753453e+003,5.983069e+000
1.754417e+003,5.995778e+000
1.755381e+003,6.018579e+000
1.756345e+003,6.255846e+000
1.757310e+003,6.542614e+000
1.758274e+003,6.509735e+000
1.759238e+003,6.514413e+000
1.760202e+003,6.797200e+000
1.761167e+003,7.103900e+000
1.762131e+003,7.217183e+000
1.763095e+003,7.320145e+000
1.764059e+003,7.597020e+000
1.765023e+003,8.181055e+000
1.765988e+003,9.215576e+000
1.766952e+003,1.082093e+001
1.767916e+003,1.232756e+001
1.768880e+003,1.346210e+001
1.769845e+003,1.452465e+001
1.770809e+003,1.592647e+001
1.771773e+003,1.778193e+001
1.772737e+003,1.969388e+001
1.773702e+003,2.104529e+001
1.774666e+003,2.146545e+001
1.775630e+003,2.096665e+001
1.776594e+003,1.974393e+001
1.777559e+003,1.791850e+001
1.778523e+003,1.567537e+001
1.779487e+003,1.332568e+001
1.780451e+003,1.127365e+001
1.781416e+003,9.462078e+000
1.782380e+003,7.651622e+000
1.783344e+003,6.007512e+000
1.784308e+003,4.906708e+000
1.785272e+003,4.509155e+000
1.786237e+003,4.447105e+000
1.787201e+003,4.507329e+000
1.788165e+003,4.672401e+000
1.789129e+003,4.882905e+000
1.790094e+003,5.102558e+000
1.791058e+003,5.220258e+000
1.792022e+003,5.011542e+000
1.792986e+003,4.643890e+000
1.793950e+003,4.526079e+000
1.794915e+003,4.678039e+000
1.795879e+003,4.608518e+000
1.796843e+003,4.280791e+000
1.797807e+003,4.099503e+000
1.798772e+003,4.403672e+000
1.799736e+003,5.002339e+000
1.800700e+003,5.710908e+000
1.801664e+003,6.335915e+000
1.802629e+003,6.718813e+000
1.803593e+003,7.001981e+000
1.804557e+003,7.395419e+000
1.805521e+003,7.730739e+000
1.806486e+003,8.147932e+000
1.807450e+003,8.847198e+000
1.808414e+003,9.630451e+000
1.809378e+003,9.909668e+000
1.810343e+003,9.720078e+000
1.811307e+003,9.299138e+000
1.812271e+003,8.500053e+000
1.813235e+003,7.112424e+000
1.814199e+003,5.798042e+000
1.815164e+003,4.878541e+000
1.816128e+003,4.330622e+000
1.817092e+003,4.285332e+000
1.818056e+003,4.892077e+000
1.819021e+003,5.849774e+000
1.819985e+003,6.864996e+000
1.820949e+003,7.859361e+000
1.821913e+003,8.804804e+000
1.822877e+003,9.570287e+000
1.823842e+003,9.515894e+000
1.824806e+003,8.164721e+000
1.825770e+003,6.118372e+000
1.826734e+003,4.635958e+000
1.827699e+003,4.260522e+000
1.828663e+003,4.135428e+000
1.829627e+003,3.892082e+000
1.830591e+003,3.861144e+000
1.831556e+003,4.341087e+000
1.832520e+003,5.332631e+000
1.833484e+003,6.451810e+000
1.834448e+003,7.072371e+000
1.835413e+003,6.957724e+000
1.836377e+003,6.479797e+000
1.837341e+003,5.524012e+000
1.838305e+003,4.356501e+000
1.839270e+003,3.883329e+000
1.840234e+003,4.340075e+000
1.841198e+003,5.045022e+000
1.842162e+003,5.395291e+000
1.843126e+003,5.694639e+000
1.844091e+003,6.373360e+000
1.845055e+003,7.492823e+000
1.846019e+003,8.849297e+000
1.846983e+003,9.987991e+000
1.847948e+003,1.030190e+001
1.848912e+003,9.800961e+000
1.849876e+003,9.063390e+000
1.850840e+003,8.421478e+000
1.851804e+003,7.946249e+000
1.852769e+003,7.609003e+000
1.853733e+003,7.255500e+000
1.854697e+003,6.652514e+000
1.855661e+003,5.665741e+000
1.856626e+003,4.757648e+000
1.857590e+003,4.373689e+000
1.858554e+003,4.526205e+000
1.859518e+003,4.989460e+000
1.860483e+003,5.664866e+000
1.861447e+003,6.343769e+000
1.862411e+003,6.763576e+000
1.863375e+003,6.915755e+000
1.864340e+003,7.014330e+000
1.865304e+003,7.100678e+000
1.866268e+003,7.150215e+000
1.867232e+003,7.094594e+000
1.868197e+003,6.802286e+000
1.869161e+003,6.356866e+000
1.870125e+003,6.126280e+000
1.871089e+003,6.110745e+000
1.872053e+003,6.104064e+000
1.873018e+003,5.938654e+000
1.873982e+003,5.674785e+000
1.874946e+003,5.437037e+000
1.875910e+003,5.156158e+000
1.876875e+003,4.843101e+000
1.877839e+003,4.682661e+000
1.878803e+003,4.868227e+000
1.879767e+003,5.417552e+000
1.880731e+003,6.136199e+000
1.881696e+003,6.776411e+000
1.882660e+003,7.295223e+000
1.883624e+003,7.811762e+000
1.884588e+003,8.055800e+000
1.885553e+003,7.741701e+000
1.886517e+003,7.045299e+000
1.887481e+003,6.467990e+000
1.888445e+003,6.241757e+000
1.889410e+003,6.366477e+000
1.890374e+003,6.505621e+000
1.891338e+003,6.225476e+000
1.892302e+003,5.838088e+000
1.893267e+003,6.010436e+000
1.894231e+003,6.593232e+000
1.895195e+003,7.166271e+000
1.896159e+003,7.637899e+000
1.897124e+003,8.028164e+000
1.898088e+003,8.091763e+000
1.899052e+003,7.924932e+000
1.900016e+003,7.887932e+000
1.900980e+003,8.136253e+000
1.901945e+003,8.462074e+000
1.902909e+003,8.703722e+000
1.903873e+003,8.524763e+000
1.904837e+003,7.910078e+000
1.905802e+003,7.605878e+000
1.906766e+003,7.474545e+000
1.907730e+003,6.799848e+000
1.908694e+003,5.830470e+000
1.909658e+003,5.360667e+000
1.910623e+003,5.324503e+000
1.911587e+003,5.398147e+000
1.912551e+003,5.438693e+000
1.913515e+003,5.411812e+000
1.914480e+003,5.569571e+000
1.915444e+003,6.325505e+000
1.916408e+003,7.437369e+000
1.917372e+003,8.505636e+000
1.918337e+003,9.319622e+000
1.919301e+003,9.697977e+000
1.920265e+003,9.351484e+000
1.921229e+003,8.947912e+000
1.922194e+003,9.125212e+000
1.923158e+003,9.621542e+000
1.924122e+003,9.818216e+000
1.925086e+003,1.009908e+001
1.926051e+003,1.064968e+001
1.927015e+003,1.136082e+001
1.927979e+003,1.226769e+001
1.928943e+003,1.298399e+001
1.929907e+003,1.294843e+001
1.930872e+003,1.259659e+001
1.931836e+003,1.239700e+001
1.932800e+003,1.192501e+001
1.933764e+003,1.101223e+001
1.934729e+003,1.004066e+001
1.935693e+003,8.982756e+000
1.936657e+003,7.745147e+000
1.937621e+003,6.723345e+000
1.938585e+003,6.213799e+000
1.939550e+003,5.879289e+000
1.940514e+003,5.802339e+000
1.941478e+003,6.331501e+000
1.942442e+003,6.989848e+000
1.943407e+003,7.648857e+000
1.944371e+003,8.718145e+000
1.945335e+003,9.935616e+000
1.946299e+003,1.056502e+001
1.947264e+003,1.065147e+001
1.948228e+003,1.052881e+001
1.949192e+003,1.012720e+001
1.950156e+003,9.366547e+000
1.951121e+003,8.281828e+000
1.952085e+003,7.110415e+000
1.953049e+003,6.529821e+000
1.954013e+003,6.991256e+000
1.954978e+003,8.110563e+000
1.955942e+003,9.055288e+000
1.956906e+003,9.750982e+000
1.957870e+003,1.047424e+001
1.958834e+003,1.126038e+001
1.959799e+003,1.198697e+001
1.960763e+003,1.251358e+001
1.961727e+003,1.264951e+001
1.962691e+003,1.223523e+001
1.963656e+003,1.129596e+001
1.964620e+003,9.972298e+000
1.965584e+003,8.623283e+000
1.966548e+003,7.791043e+000
1.967512e+003,7.375287e+000
1.968477e+003,7.044292e+000
1.969441e+003,6.885365e+000
1.970405e+003,7.083876e+000
1.971369e+003,7.591281e+000
1.972334e+003,8.322983e+000
1.973298e+003,9.086098e+000
1.974262e+003,1.004019e+001
1.975226e+003,1.122094e+001
1.976191e+003,1.218218e+001
1.977155e+003,1.257487e+001
1.978119e+003,1.243271e+001
1.979083e+003,1.194562e+001
1.980048e+003,1.167622e+001
1.981012e+003,1.179546e+001
1.981976e+003,1.202175e+001
1.982940e+003,1.208060e+001
1.983905e+003,1.190248e+001
1.984869e+003,1.150605e+001
1.985833e+003,1.093408e+001
1.986797e+003,1.024734e+001
1.987761e+003,9.882282e+000
1.988726e+003,9.929710e+000
1.989690e+003,1.003963e+001
1.990654e+003,1.009650e+001
1.991618e+003,1.015606e+001
1.992583e+003,1.011391e+001
1.993547e+003,1.017996e+001
1.994511e+003,1.245576e+001
1.995475e+003,1.265391e+001
1.996439e+003,1.189458e+001
1.997404e+003,1.035067e+001
1.998368e+003,8.736843e+000
1.999332e+003,8.956682e+000
2.000296e+003,9.967400e+000
