5.002687e+002,3.503932e+003
5.012330e+002,3.512127e+003
5.021972e+002,3.506464e+003
5.031614e+002,3.487430e+003
5.041257e+002,3.454400e+003
5.050899e+002,3.389392e+003
5.060541e+002,3.331362e+003
5.070184e+002,3.303433e+003
5.079826e+002,3.258817e+003
5.089468e+002,3.219119e+003
5.099111e+002,3.184570e+003
5.108753e+002,3.154119e+003
5.118395e+002,3.130498e+003
5.128038e+002,3.112555e+003
5.137680e+002,3.100529e+003
5.147322e+002,3.094478e+003
5.156965e+002,3.093543e+003
5.166607e+002,3.095749e+003
5.176249e+002,3.098062e+003
5.185892e+002,3.097355e+003
5.195534e+002,3.091741e+003
5.205176e+002,3.080026e+003
5.214819e+002,3.059667e+003
5.224461e+002,3.025732e+003
5.234103e+002,2.973782e+003
5.243746e+002,2.903801e+003
5.253388e+002,2.820849e+003
5.263030e+002,2.726059e+003
5.272673e+002,2.618430e+003
5.282315e+002,2.497340e+003
5.291957e+002,2.364090e+003
5.301600e+002,2.221461e+003
5.311242e+002,2.072798e+003
5.320884e+002,1.922078e+003
5.330527e+002,1.773488e+003
5.340169e+002,1.630307e+003
5.349811e+002,1.493890e+003
5.359454e+002,1.364303e+003
5.369096e+002,1.244469e+003
5.378738e+002,1.138227e+003
5.388381e+002,1.046660e+003
5.398023e+002,9.669299e+002
5.407665e+002,8.949337e+002
5.417308e+002,8.294877e+002
5.426950e+002,7.720784e+002
5.436592e+002,7.236290e+002
5.446235e+002,6.838094e+002
5.455877e+002,6.519067e+002
5.465519e+002,6.269702e+002
5.475162e+002,6.078893e+002
5.484804e+002,5.931995e+002
5.494446e+002,5.824490e+002
5.504089e+002,5.764946e+002
5.513731e+002,5.749669e+002
5.523373e+002,5.762714e+002
5.533016e+002,5.785409e+002
5.542658e+002,5.806657e+002
5.552300e+002,5.834254e+002
5.561943e+002,5.877347e+002
5.571585e+002,5.932530e+002
5.581227e+002,5.992823e+002
5.590870e+002,6.052393e+002
5.600512e+002,6.104561e+002
5.610154e+002,6.145145e+002
5.619797e+002,6.174507e+002
5.629439e+002,6.197664e+002
5.639081e+002,6.215589e+002
5.648724e+002,6.223367e+002
5.658366e+002,6.214917e+002
5.668008e+002,6.191592e+002
5.677651e+002,6.158528e+002
5.687293e+002,6.118185e+002
5.696935e+002,6.068027e+002
5.706578e+002,6.002842e+002
5.716220e+002,5.922178e+002
5.725862e+002,5.835549e+002
5.735505e+002,5.748919e+002
5.745147e+002,5.667892e+002
5.754789e+002,5.600723e+002
5.764432e+002,5.553566e+002
5.774074e+002,5.520938e+002
5.783716e+002,5.493035e+002
5.793359e+002,5.479349e+002
5.803001e+002,5.501293e+002
5.812643e+002,5.572297e+002
5.822286e+002,5.688940e+002
5.831928e+002,5.840421e+002
5.841570e+002,6.017046e+002
5.851213e+002,6.215170e+002
5.860855e+002,6.439459e+002
5.870497e+002,6.688292e+002
5.880140e+002,6.959057e+002
5.889782e+002,7.251972e+002
5.899424e+002,7.573061e+002
5.909067e+002,7.920407e+002
5.918709e+002,8.311811e+002
5.928351e+002,8.771800e+002
5.937994e+002,9.316901e+002
5.947636e+002,9.966009e+002
5.957278e+002,1.072738e+003
5.966921e+002,1.157710e+003
5.976563e+002,1.246634e+003
5.986205e+002,1.334008e+003
5.995848e+002,1.414674e+003
6.005490e+002,1.484153e+003
6.015132e+002,1.538830e+003
6.024775e+002,1.574469e+003
6.034417e+002,1.588930e+003
6.044059e+002,1.582872e+003
6.053702e+002,1.560035e+003
6.063344e+002,1.524022e+003
6.072986e+002,1.478218e+003
6.082629e+002,1.427093e+003
6.092271e+002,1.374710e+003
6.101913e+002,1.322830e+003
6.111556e+002,1.272774e+003
6.121198e+002,1.226013e+003
6.130840e+002,1.183683e+003
6.140483e+002,1.145600e+003
6.150125e+002,1.109447e+003
6.159767e+002,1.072469e+003
6.169410e+002,1.035017e+003
6.179052e+002,9.990139e+002
6.188694e+002,9.654177e+002
6.198337e+002,9.338218e+002
6.207979e+002,9.031172e+002
6.217621e+002,8.730643e+002
6.227264e+002,8.444839e+002
6.236906e+002,8.179208e+002
6.246548e+002,7.938683e+002
6.256191e+002,7.728643e+002
6.265833e+002,7.545086e+002
6.275475e+002,7.368934e+002
6.285118e+002,7.183262e+002
6.294760e+002,6.993334e+002
6.304402e+002,6.814086e+002
6.314045e+002,6.656090e+002
6.323687e+002,6.525479e+002
6.333329e+002,6.426394e+002
6.342972e+002,6.356849e+002
6.352614e+002,6.309124e+002
6.362256e+002,6.278298e+002
6.371899e+002,6.261432e+002
6.381541e+002,6.256317e+002
6.391183e+002,6.262096e+002
6.400826e+002,6.271645e+002
6.410468e+002,6.283232e+002
6.420110e+002,6.305367e+002
6.429753e+002,6.350123e+002
6.439395e+002,6.416378e+002
6.449037e+002,6.494225e+002
6.458680e+002,6.576071e+002
6.468322e+002,6.654847e+002
6.477964e+002,6.722369e+002
6.487607e+002,6.773111e+002
6.497249e+002,6.803189e+002
6.506891e+002,6.809692e+002
6.516534e+002,6.801198e+002
6.526176e+002,6.790958e+002
6.535818e+002,6.783617e+002
6.545461e+002,6.774708e+002
6.555103e+002,6.758926e+002
6.564745e+002,6.745439e+002
6.574388e+002,6.733671e+002
6.584030e+002,6.717908e+002
6.593672e+002,6.692874e+002
6.603315e+002,6.652988e+002
6.612957e+002,6.592044e+002
6.622599e+002,6.505911e+002
6.632242e+002,6.390141e+002
6.641884e+002,6.239444e+002
6.651526e+002,6.057186e+002
6.661169e+002,5.846395e+002
6.670811e+002,5.607302e+002
6.680453e+002,5.337812e+002
6.690096e+002,5.045085e+002
6.699738e+002,4.751579e+002
6.709380e+002,4.470286e+002
6.719023e+002,4.208684e+002
6.728665e+002,3.970245e+002
6.738307e+002,3.758717e+002
6.747950e+002,3.576247e+002
6.757592e+002,3.419290e+002
6.767234e+002,3.277652e+002
6.776877e+002,3.140065e+002
6.786519e+002,3.001529e+002
6.796161e+002,2.862023e+002
6.805804e+002,2.728272e+002
6.815446e+002,2.608815e+002
6.825089e+002,2.508192e+002
6.834731e+002,2.428404e+002
6.844373e+002,2.367842e+002
6.854016e+002,2.325283e+002
6.863658e+002,2.312227e+002
6.873300e+002,2.337587e+002
6.882943e+002,2.391120e+002
6.892585e+002,2.449363e+002
6.902227e+002,2.492550e+002
6.911870e+002,2.518474e+002
6.921512e+002,2.525787e+002
6.931154e+002,2.510940e+002
6.940797e+002,2.477485e+002
6.950439e+002,2.431555e+002
6.960081e+002,2.372057e+002
6.969724e+002,2.295501e+002
6.979366e+002,2.203354e+002
6.989008e+002,2.106786e+002
6.998651e+002,2.028039e+002
7.008293e+002,1.978535e+002
7.017935e+002,1.955536e+002
7.027578e+002,1.957350e+002
7.037220e+002,1.996153e+002
7.046862e+002,2.084693e+002
7.056505e+002,2.208839e+002
7.066147e+002,2.345397e+002
7.075789e+002,2.474472e+002
7.085432e+002,2.571489e+002
7.095074e+002,2.613494e+002
7.104716e+002,2.601707e+002
7.114359e+002,2.545183e+002
7.124001e+002,2.454093e+002
7.133643e+002,2.341967e+002
7.143286e+002,2.225573e+002
7.152928e+002,2.121754e+002
7.162570e+002,2.046654e+002
7.172213e+002,2.012003e+002
7.181855e+002,2.012355e+002
7.191497e+002,2.030992e+002
7.201140e+002,2.055951e+002
7.210782e+002,2.076658e+002
7.220424e+002,2.082128e+002
7.230067e+002,2.075971e+002
7.239709e+002,2.075183e+002
7.249351e+002,2.083160e+002
7.258994e+002,2.094940e+002
7.268636e+002,2.106904e+002
7.278278e+002,2.109507e+002
7.287921e+002,2.096865e+002
7.297563e+002,2.072905e+002
7.307205e+002,2.047395e+002
7.316848e+002,2.028825e+002
7.326490e+002,2.016873e+002
7.336132e+002,2.013972e+002
7.345775e+002,2.023243e+002
7.355417e+002,2.050828e+002
7.365059e+002,2.104339e+002
7.374702e+002,2.185074e+002
7.384344e+002,2.287551e+002
7.393986e+002,2.409594e+002
7.403629e+002,2.554838e+002
7.413271e+002,2.718745e+002
7.422913e+002,2.897721e+002
7.432556e+002,3.095424e+002
7.442198e+002,3.318895e+002
7.451840e+002,3.568256e+002
7.461483e+002,3.839644e+002
7.471125e+002,4.146790e+002
7.480767e+002,4.506229e+002
7.490410e+002,4.927381e+002
7.500052e+002,5.403726e+002
7.509694e+002,5.929553e+002
7.519337e+002,6.501364e+002
7.528979e+002,7.119472e+002
7.538621e+002,7.783268e+002
7.548264e+002,8.488295e+002
7.557906e+002,9.213153e+002
7.567548e+002,9.963449e+002
7.577190e+002,1.074855e+003
7.586832e+002,1.156608e+003
7.596475e+002,1.240640e+003
7.606117e+002,1.326336e+003
7.615759e+002,1.411853e+003
7.625402e+002,1.493948e+003
7.635044e+002,1.569277e+003
7.644686e+002,1.636138e+003
7.654329e+002,1.693150e+003
7.663971e+002,1.738854e+003
7.673613e+002,1.772547e+003
7.683256e+002,1.793759e+003
7.692898e+002,1.800819e+003
7.702540e+002,1.795227e+003
7.712183e+002,1.778789e+003
7.721825e+002,1.753819e+003
7.731467e+002,1.722038e+003
7.741110e+002,1.682273e+003
7.750752e+002,1.633681e+003
7.760394e+002,1.578890e+003
7.770037e+002,1.522587e+003
7.779679e+002,1.468502e+003
7.789321e+002,1.417066e+003
7.798964e+002,1.368192e+003
7.808606e+002,1.320470e+003
7.818248e+002,1.271615e+003
7.827891e+002,1.219097e+003
7.837533e+002,1.162078e+003
7.847175e+002,1.101334e+003
7.856818e+002,1.038658e+003
7.866460e+002,9.743680e+002
7.876102e+002,9.074991e+002
7.885745e+002,8.405258e+002
7.895387e+002,7.784984e+002
7.905029e+002,7.242174e+002
7.914672e+002,6.774783e+002
7.924314e+002,6.370781e+002
7.933956e+002,6.034366e+002
7.943599e+002,5.759993e+002
7.953241e+002,5.549077e+002
7.962883e+002,5.406148e+002
7.972526e+002,5.324729e+002
7.982168e+002,5.292481e+002
7.991810e+002,5.303326e+002
8.001453e+002,5.344365e+002
8.011095e+002,5.397621e+002
8.020737e+002,5.446288e+002
8.030380e+002,5.498899e+002
8.040022e+002,5.553054e+002
8.049664e+002,5.589104e+002
8.059307e+002,5.589028e+002
8.068949e+002,5.544558e+002
8.078591e+002,5.468843e+002
8.088234e+002,5.380903e+002
8.097876e+002,5.289756e+002
8.107518e+002,5.188078e+002
8.117161e+002,5.067988e+002
8.126803e+002,4.936688e+002
8.136445e+002,4.804408e+002
8.146088e+002,4.655388e+002
8.155730e+002,4.479031e+002
8.165372e+002,4.292186e+002
8.175015e+002,4.099175e+002
8.184657e+002,3.888307e+002
8.194299e+002,3.654205e+002
8.203942e+002,3.407568e+002
8.213584e+002,3.166073e+002
8.223226e+002,2.930058e+002
8.232869e+002,2.693798e+002
8.242511e+002,2.463294e+002
8.252153e+002,2.258128e+002
8.261796e+002,2.096506e+002
8.271438e+002,1.975631e+002
8.281080e+002,1.866881e+002
8.290723e+002,1.759190e+002
8.300365e+002,1.660284e+002
8.310007e+002,1.578699e+002
8.319650e+002,1.510965e+002
8.329292e+002,1.452453e+002
8.338934e+002,1.401184e+002
8.348577e+002,1.352814e+002
8.358219e+002,1.302024e+002
8.367861e+002,1.242373e+002
8.377504e+002,1.174563e+002
8.387146e+002,1.107854e+002
8.396788e+002,1.046720e+002
8.406431e+002,9.907850e+001
8.416073e+002,9.372168e+001
8.425715e+002,8.869868e+001
8.435358e+002,8.457491e+001
8.445000e+002,8.147550e+001
8.454642e+002,7.869099e+001
8.464285e+002,7.558367e+001
8.473927e+002,7.155692e+001
8.483569e+002,6.771789e+001
8.493212e+002,6.499431e+001
8.502854e+002,6.304609e+001
8.512496e+002,6.166794e+001
8.522139e+002,6.131596e+001
8.531781e+002,6.194474e+001
8.541423e+002,6.283630e+001
8.551066e+002,6.339483e+001
8.560708e+002,6.393070e+001
8.570350e+002,6.499178e+001
8.579993e+002,6.622596e+001
8.589635e+002,6.646473e+001
8.599277e+002,6.516636e+001
8.608920e+002,6.297974e+001
8.618562e+002,6.172004e+001
8.628204e+002,6.161696e+001
8.637847e+002,6.182006e+001
8.647489e+002,6.179106e+001
8.657131e+002,6.152589e+001
8.666774e+002,6.113123e+001
8.676416e+002,6.105700e+001
8.686058e+002,6.205654e+001
8.695701e+002,6.440686e+001
8.705343e+002,6.746945e+001
8.714985e+002,7.041769e+001
8.724628e+002,7.323958e+001
8.734270e+002,7.645941e+001
8.743912e+002,8.003930e+001
8.753555e+002,8.295937e+001
8.763197e+002,8.414402e+001
8.772839e+002,8.331507e+001
8.782482e+002,8.082388e+001
8.792124e+002,7.648372e+001
8.801766e+002,6.991803e+001
8.811409e+002,6.129355e+001
8.821051e+002,5.223066e+001
8.830693e+002,4.384160e+001
8.840336e+002,3.632329e+001
8.849978e+002,3.006907e+001
8.859620e+002,2.570505e+001
8.869263e+002,2.329810e+001
8.878905e+002,2.256866e+001
8.888547e+002,2.261115e+001
8.898190e+002,2.280239e+001
8.907832e+002,2.315166e+001
8.917474e+002,2.364151e+001
8.927117e+002,2.359533e+001
8.936759e+002,2.286835e+001
8.946401e+002,2.220062e+001
8.956044e+002,2.315393e+001
8.965686e+002,2.583457e+001
8.975328e+002,2.967041e+001
8.984971e+002,3.466790e+001
8.994613e+002,4.101390e+001
9.004255e+002,4.813456e+001
9.013898e+002,5.505796e+001
9.023540e+002,6.037500e+001
9.033182e+002,6.315246e+001
9.042825e+002,6.319559e+001
9.052467e+002,6.049124e+001
9.062109e+002,5.488869e+001
9.071752e+002,4.692375e+001
9.081394e+002,3.779551e+001
9.091036e+002,2.879426e+001
9.100679e+002,2.062250e+001
9.110321e+002,1.363914e+001
9.119963e+002,8.555080e+000
9.129606e+002,5.891603e+000
9.139248e+002,5.340873e+000
9.148890e+002,6.352281e+000
9.158533e+002,8.234617e+000
9.168175e+002,1.021783e+001
9.177817e+002,1.170100e+001
9.187460e+002,1.215099e+001
9.197102e+002,1.118502e+001
9.206744e+002,8.941622e+000
9.216387e+002,6.265532e+000
9.226029e+002,4.519517e+000
9.235671e+002,4.016579e+000
9.245314e+002,4.514677e+000
9.254956e+002,6.026577e+000
9.264598e+002,8.490785e+000
9.274241e+002,1.132364e+001
9.283883e+002,1.388371e+001
9.293525e+002,1.599737e+001
9.303168e+002,1.762328e+001
9.312810e+002,1.836434e+001
9.322452e+002,1.742346e+001
9.332095e+002,1.432749e+001
9.341737e+002,1.017804e+001
9.351379e+002,6.679523e+000
9.361022e+002,4.744404e+000
9.370664e+002,3.612908e+000
9.380306e+002,2.554262e+000
9.389949e+002,2.391927e+000
9.399591e+002,3.582879e+000
9.409233e+002,5.539320e+000
9.418876e+002,7.786967e+000
9.428518e+002,1.019864e+001
9.438160e+002,1.238948e+001
9.447803e+002,1.364495e+001
9.457445e+002,1.401650e+001
9.467087e+002,1.438243e+001
9.476730e+002,1.580990e+001
9.486372e+002,1.789673e+001
9.496014e+002,1.974182e+001
9.505657e+002,2.048728e+001
9.515299e+002,2.027381e+001
9.524941e+002,2.100369e+001
9.534584e+002,2.369700e+001
9.544226e+002,2.836252e+001
9.553868e+002,3.423173e+001
9.563511e+002,4.103458e+001
9.573153e+002,4.824225e+001
9.582795e+002,5.536230e+001
9.592438e+002,6.289489e+001
9.602080e+002,7.205229e+001
9.611722e+002,8.364990e+001
9.621365e+002,9.644405e+001
9.631007e+002,1.090610e+002
9.640649e+002,1.211820e+002
9.650292e+002,1.340598e+002
9.659934e+002,1.496197e+002
9.669576e+002,1.673273e+002
9.679219e+002,1.858481e+002
9.688861e+002,2.033529e+002
9.698503e+002,2.188061e+002
9.708146e+002,2.310859e+002
9.717788e+002,2.398138e+002
9.727430e+002,2.458865e+002
9.737073e+002,2.499775e+002
9.746715e+002,2.517245e+002
9.756357e+002,2.499367e+002
9.766000e+002,2.453044e+002
9.775642e+002,2.401042e+002
9.785284e+002,2.364203e+002
9.794927e+002,2.350050e+002
9.804569e+002,2.355054e+002
9.814211e+002,2.387102e+002
9.823854e+002,2.454421e+002
9.833496e+002,2.550543e+002
9.843138e+002,2.664607e+002
9.852781e+002,2.805593e+002
9.862423e+002,2.987061e+002
9.872065e+002,3.208479e+002
9.881708e+002,3.459041e+002
9.891350e+002,3.730812e+002
9.900992e+002,4.019282e+002
9.910635e+002,4.317886e+002
9.920277e+002,4.623972e+002
9.929919e+002,4.940356e+002
9.939562e+002,5.275121e+002
9.949204e+002,5.615134e+002
9.958846e+002,5.942144e+002
9.968489e+002,6.241799e+002
9.978131e+002,6.520159e+002
9.987773e+002,6.802195e+002
9.997416e+002,7.090132e+002
1.000706e+003,7.367589e+002
1.001670e+003,7.641509e+002
1.002634e+003,7.930649e+002
1.003599e+003,8.248738e+002
1.004563e+003,8.605652e+002
1.005527e+003,9.005184e+002
1.006491e+003,9.434922e+002
1.007455e+003,9.877774e+002
1.008420e+003,1.027675e+003
1.009384e+003,1.056842e+003
1.010348e+003,1.071011e+003
1.011312e+003,1.069697e+003
1.012277e+003,1.053054e+003
1.013241e+003,1.020371e+003
1.014205e+003,9.727444e+002
1.015169e+003,9.151277e+002
1.016134e+003,8.536068e+002
1.017098e+003,7.937261e+002
1.018062e+003,7.387281e+002
1.019026e+003,6.899770e+002
1.019990e+003,6.480127e+002
1.020955e+003,6.134724e+002
1.021919e+003,5.840353e+002
1.022883e+003,5.560717e+002
1.023847e+003,5.282802e+002
1.024812e+003,5.021792e+002
1.025776e+003,4.780951e+002
1.026740e+003,4.550980e+002
1.027704e+003,4.333982e+002
1.028669e+003,4.144658e+002
1.029633e+003,3.990597e+002
1.030597e+003,3.857805e+002
1.031561e+003,3.722541e+002
1.032526e+003,3.583708e+002
1.033490e+003,3.449436e+002
1.034454e+003,3.323647e+002
1.035418e+003,3.203038e+002
1.036382e+003,3.077376e+002
1.037347e+003,2.945723e+002
1.038311e+003,2.811459e+002
1.039275e+003,2.686956e+002
1.040239e+003,2.582960e+002
1.041204e+003,2.497905e+002
1.042168e+003,2.415620e+002
1.043132e+003,2.312207e+002
1.044096e+003,2.184940e+002
1.045061e+003,2.041351e+002
1.046025e+003,1.897921e+002
1.046989e+003,1.761101e+002
1.047953e+003,1.631735e+002
1.048917e+003,1.514889e+002
1.049882e+003,1.417389e+002
1.050846e+003,1.330227e+002
1.051810e+003,1.245013e+002
1.052774e+003,1.172063e+002
1.053739e+003,1.119495e+002
1.054703e+003,1.078193e+002
1.055667e+003,1.033131e+002
1.056631e+003,9.817928e+001
1.057596e+003,9.300542e+001
1.058560e+003,8.787138e+001
1.059524e+003,8.318215e+001
1.060488e+003,7.925207e+001
1.061453e+003,7.626839e+001
1.062417e+003,7.436639e+001
1.063381e+003,7.315163e+001
1.064345e+003,7.121732e+001
1.065309e+003,6.848981e+001
1.066274e+003,6.598975e+001
1.067238e+003,6.441126e+001
1.068202e+003,6.340511e+001
1.069166e+003,6.194250e+001
1.070131e+003,5.976577e+001
1.071095e+003,5.695986e+001
1.072059e+003,5.401308e+001
1.073023e+003,5.124194e+001
1.073988e+003,4.867103e+001
1.074952e+003,4.619457e+001
1.075916e+003,4.361817e+001
1.076880e+003,4.042533e+001
1.077844e+003,3.658359e+001
1.078809e+003,3.280259e+001
1.079773e+003,2.961615e+001
1.080737e+003,2.703980e+001
1.081701e+003,2.492043e+001
1.082666e+003,2.304108e+001
1.083630e+003,2.117562e+001
1.084594e+003,1.959348e+001
1.085558e+003,1.893353e+001
1.086523e+003,1.933658e+001
1.087487e+003,2.018268e+001
1.088451e+003,2.064579e+001
1.089415e+003,2.016358e+001
1.090380e+003,1.862102e+001
1.091344e+003,1.670682e+001
1.092308e+003,1.518397e+001
1.093272e+003,1.402063e+001
1.094236e+003,1.298981e+001
1.095201e+003,1.202302e+001
1.096165e+003,1.104761e+001
1.097129e+003,9.981076e+000
1.098093e+003,9.211705e+000
1.099058e+003,8.758225e+000
1.100022e+003,8.203404e+000
1.100986e+003,7.139573e+000
1.101950e+003,5.627561e+000
1.102915e+003,4.070611e+000
1.103879e+003,3.002946e+000
1.104843e+003,2.916924e+000
1.105807e+003,3.305600e+000
1.106771e+003,3.487397e+000
1.107736e+003,3.343198e+000
1.108700e+003,3.290914e+000
1.109664e+003,3.390035e+000
1.110628e+003,3.991681e+000
1.111593e+003,5.428021e+000
1.112557e+003,6.945424e+000
1.113521e+003,7.688611e+000
1.114485e+003,7.554463e+000
1.115450e+003,7.024213e+000
1.116414e+003,6.321698e+000
1.117378e+003,6.310784e+000
1.118342e+003,7.685800e+000
1.119307e+003,9.755170e+000
1.120271e+003,1.108472e+001
1.121235e+003,1.127179e+001
1.122199e+003,1.149051e+001
1.123163e+003,1.252796e+001
1.124128e+003,1.472341e+001
1.125092e+003,1.746320e+001
1.126056e+003,1.961095e+001
1.127020e+003,2.032294e+001
1.127985e+003,1.960259e+001
1.128949e+003,1.806842e+001
1.129913e+003,1.621099e+001
1.130877e+003,1.520956e+001
1.131842e+003,1.603313e+001
1.132806e+003,1.828782e+001
1.133770e+003,2.069887e+001
1.134734e+003,2.330590e+001
1.135698e+003,2.714378e+001
1.136663e+003,3.219486e+001
1.137627e+003,3.813365e+001
1.138591e+003,4.511855e+001
1.139555e+003,5.293416e+001
1.140520e+003,6.004562e+001
1.141484e+003,6.465024e+001
1.142448e+003,6.738145e+001
1.143412e+003,6.943339e+001
1.144377e+003,7.190123e+001
1.145341e+003,7.555027e+001
1.146305e+003,8.043752e+001
1.147269e+003,8.467477e+001
1.148234e+003,8.666793e+001
1.149198e+003,8.702249e+001
1.150162e+003,8.694926e+001
1.151126e+003,8.749921e+001
1.152090e+003,8.853006e+001
1.153055e+003,8.890751e+001
1.154019e+003,8.681709e+001
1.154983e+003,8.164591e+001
1.155947e+003,7.577771e+001
1.156912e+003,7.147026e+001
1.157876e+003,6.985223e+001
1.158840e+003,6.946828e+001
1.159804e+003,6.884393e+001
1.160769e+003,6.645013e+001
1.161733e+003,6.265321e+001
1.162697e+003,5.914068e+001
1.163661e+003,5.643318e+001
1.164625e+003,5.441936e+001
1.165590e+003,5.348863e+001
1.166554e+003,5.430003e+001
1.167518e+003,5.601644e+001
1.168482e+003,5.751116e+001
1.169447e+003,5.916193e+001
1.170411e+003,6.160074e+001
1.171375e+003,6.417348e+001
1.172339e+003,6.514343e+001
1.173304e+003,6.468510e+001
1.174268e+003,6.394054e+001
1.175232e+003,6.380604e+001
1.176196e+003,6.478339e+001
1.177161e+003,6.741241e+001
1.178125e+003,7.279705e+001
1.179089e+003,8.189583e+001
1.180053e+003,9.388079e+001
1.181017e+003,1.079576e+002
1.181982e+003,1.237348e+002
1.182946e+003,1.411303e+002
1.183910e+003,1.593099e+002
1.184874e+003,1.774453e+002
1.185839e+003,1.930264e+002
1.186803e+003,2.040026e+002
1.187767e+003,2.095753e+002
1.188731e+003,2.096585e+002
1.189696e+003,2.044903e+002
1.190660e+003,1.945732e+002
1.191624e+003,1.805682e+002
1.192588e+003,1.631815e+002
1.193552e+003,1.435637e+002
1.194517e+003,1.239777e+002
1.195481e+003,1.055824e+002
1.196445e+003,8.915769e+001
1.197409e+003,7.584132e+001
1.198374e+003,6.620926e+001
1.199338e+003,5.843788e+001
1.200302e+003,5.150916e+001
1.201266e+003,4.547151e+001
1.202231e+003,4.064764e+001
1.203195e+003,3.692662e+001
1.204159e+003,3.394257e+001
1.205123e+003,3.120930e+001
1.206088e+003,2.881671e+001
1.207052e+003,2.700156e+001
1.208016e+003,2.563583e+001
1.208980e+003,2.456244e+001
1.209944e+003,2.441280e+001
1.210909e+003,2.598302e+001
1.211873e+003,2.893746e+001
1.212837e+003,3.217834e+001
1.213801e+003,3.505627e+001
1.214766e+003,3.739767e+001
1.215730e+003,3.872141e+001
1.216694e+003,3.853726e+001
1.217658e+003,3.711983e+001
1.218623e+003,3.504423e+001
1.219587e+003,3.356223e+001
1.220551e+003,3.355625e+001
1.221515e+003,3.512586e+001
1.222479e+003,3.787455e+001
1.223444e+003,4.165591e+001
1.224408e+003,4.652740e+001
1.225372e+003,5.247225e+001
1.226336e+003,5.944868e+001
1.227301e+003,6.740575e+001
1.228265e+003,7.564819e+001
1.229229e+003,8.348862e+001
1.230193e+003,9.064030e+001
1.231158e+003,9.692876e+001
1.232122e+003,1.016451e+002
1.233086e+003,1.060962e+002
1.234050e+003,1.116764e+002
1.235015e+003,1.179978e+002
1.235979e+003,1.238712e+002
1.236943e+003,1.289654e+002
1.237907e+003,1.339580e+002
1.238871e+003,1.393094e+002
1.239836e+003,1.461203e+002
1.240800e+003,1.551898e+002
1.241764e+003,1.661012e+002
1.242728e+003,1.776176e+002
1.243693e+003,1.884803e+002
1.244657e+003,1.976645e+002
1.245621e+003,2.048546e+002
1.246585e+003,2.112478e+002
1.247550e+003,2.167196e+002
1.248514e+003,2.203824e+002
1.249478e+003,2.221298e+002
1.250442e+003,2.223890e+002
1.251406e+003,2.217438e+002
1.252371e+003,2.204549e+002
1.253335e+003,2.190620e+002
1.254299e+003,2.172839e+002
1.255263e+003,2.149580e+002
1.256228e+003,2.122174e+002
1.257192e+003,2.092775e+002
1.258156e+003,2.053863e+002
1.259120e+003,1.999014e+002
1.260085e+003,1.935453e+002
1.261049e+003,1.872076e+002
1.262013e+003,1.812224e+002
1.262977e+003,1.750471e+002
1.263942e+003,1.681692e+002
1.264906e+003,1.615050e+002
1.265870e+003,1.557133e+002
1.266834e+003,1.505804e+002
1.267798e+003,1.458976e+002
1.268763e+003,1.431175e+002
1.269727e+003,1.437773e+002
1.270691e+003,1.474438e+002
1.271655e+003,1.525637e+002
1.272620e+003,1.583959e+002
1.273584e+003,1.646743e+002
1.274548e+003,1.698970e+002
1.275512e+003,1.729423e+002
1.276477e+003,1.735694e+002
1.277441e+003,1.719650e+002
1.278405e+003,1.681724e+002
1.279369e+003,1.613802e+002
1.280333e+003,1.517151e+002
1.281298e+003,1.400000e+002
1.282262e+003,1.280426e+002
1.283226e+003,1.171583e+002
1.284190e+003,1.072652e+002
1.285155e+003,9.820902e+001
1.286119e+003,8.979688e+001
1.287083e+003,8.132866e+001
1.288047e+003,7.265032e+001
1.289012e+003,6.519988e+001
1.289976e+003,5.964927e+001
1.290940e+003,5.556479e+001
1.291904e+003,5.261337e+001
1.292869e+003,5.082029e+001
1.293833e+003,5.020399e+001
1.294797e+003,5.039310e+001
1.295761e+003,5.036079e+001
1.296725e+003,4.917666e+001
1.297690e+003,4.672182e+001
1.298654e+003,4.311017e+001
1.299618e+003,3.838654e+001
1.300582e+003,3.330199e+001
1.301547e+003,2.876890e+001
1.302511e+003,2.453208e+001
1.303475e+003,2.019083e+001
1.304439e+003,1.637008e+001
1.305404e+003,1.397954e+001
1.306368e+003,1.289505e+001
1.307332e+003,1.257163e+001
1.308296e+003,1.249612e+001
1.309260e+003,1.147297e+001
1.310225e+003,9.077317e+000
1.311189e+003,6.178895e+000
1.312153e+003,3.463418e+000
1.313117e+003,2.090821e+000
1.314082e+003,3.386811e+000
1.315046e+003,6.903687e+000
1.316010e+003,1.041138e+001
1.316974e+003,1.315098e+001
1.317939e+003,1.581497e+001
1.318903e+003,1.890723e+001
1.319867e+003,2.201270e+001
1.320831e+003,2.445982e+001
1.321796e+003,2.566189e+001
1.322760e+003,2.527206e+001
1.323724e+003,2.326557e+001
1.324688e+003,1.999043e+001
1.325652e+003,1.556235e+001
1.326617e+003,1.133841e+001
1.327581e+003,8.565885e+000
1.328545e+003,7.216657e+000
1.329509e+003,6.597932e+000
1.330474e+003,6.684709e+000
1.331438e+003,7.027802e+000
1.332402e+003,6.865312e+000
1.333366e+003,6.868112e+000
1.334331e+003,7.774323e+000
1.335295e+003,9.558702e+000
1.336259e+003,1.139272e+001
1.337223e+003,1.272359e+001
1.338188e+003,1.373271e+001
1.339152e+003,1.465106e+001
1.340116e+003,1.585936e+001
1.341080e+003,1.691352e+001
1.342044e+003,1.833321e+001
1.343009e+003,2.136598e+001
1.343973e+003,2.525055e+001
1.344937e+003,2.789195e+001
1.345901e+003,2.862775e+001
1.346866e+003,2.933938e+001
1.347830e+003,3.061057e+001
1.348794e+003,3.175240e+001
1.349758e+003,3.215438e+001
1.350723e+003,3.200748e+001
1.351687e+003,3.153014e+001
1.352651e+003,3.055560e+001
1.353615e+003,2.930344e+001
1.354579e+003,2.840218e+001
1.355544e+003,2.935169e+001
1.356508e+003,3.238655e+001
1.357472e+003,3.632012e+001
1.358436e+003,4.055817e+001
1.359401e+003,4.534489e+001
1.360365e+003,5.141904e+001
1.361329e+003,5.855164e+001
1.362293e+003,6.588985e+001
1.363258e+003,7.275653e+001
1.364222e+003,7.910097e+001
1.365186e+003,8.503687e+001
1.366150e+003,9.068777e+001
1.367115e+003,9.590261e+001
1.368079e+003,1.005251e+002
1.369043e+003,1.050060e+002
1.370007e+003,1.097223e+002
1.370971e+003,1.150324e+002
1.371936e+003,1.205574e+002
1.372900e+003,1.264316e+002
1.373864e+003,1.332079e+002
1.374828e+003,1.397957e+002
1.375793e+003,1.442742e+002
1.376757e+003,1.457963e+002
1.377721e+003,1.448416e+002
1.378685e+003,1.415324e+002
1.379650e+003,1.357271e+002
1.380614e+003,1.275607e+002
1.381578e+003,1.180164e+002
1.382542e+003,1.081322e+002
1.383506e+003,9.836636e+001
1.384471e+003,8.950819e+001
1.385435e+003,8.185136e+001
1.386399e+003,7.523792e+001
1.387363e+003,6.840324e+001
1.388328e+003,6.126476e+001
1.389292e+003,5.473288e+001
1.390256e+003,4.889542e+001
1.391220e+003,4.360799e+001
1.392185e+003,3.883438e+001
1.393149e+003,3.518074e+001
1.394113e+003,3.320241e+001
1.395077e+003,3.375861e+001
1.396042e+003,3.738893e+001
1.397006e+003,4.403384e+001
1.397970e+003,5.288371e+001
1.398934e+003,6.268089e+001
1.399898e+003,7.249302e+001
1.400863e+003,8.213812e+001
1.401827e+003,9.287275e+001
1.402791e+003,1.040614e+002
1.403755e+003,1.149077e+002
1.404720e+003,1.253081e+002
1.405684e+003,1.347050e+002
1.406648e+003,1.425299e+002
1.407612e+003,1.488130e+002
1.408577e+003,1.548183e+002
1.409541e+003,1.603514e+002
1.410505e+003,1.636237e+002
1.411469e+003,1.636503e+002
1.412433e+003,1.613374e+002
1.413398e+003,1.577443e+002
1.414362e+003,1.526664e+002
1.415326e+003,1.458309e+002
1.416290e+003,1.378225e+002
1.417255e+003,1.303951e+002
1.418219e+003,1.240299e+002
1.419183e+003,1.188116e+002
1.420147e+003,1.153429e+002
1.421112e+003,1.144234e+002
1.422076e+003,1.165635e+002
1.423040e+003,1.207074e+002
1.424004e+003,1.251649e+002
1.424969e+003,1.305962e+002
1.425933e+003,1.390793e+002
1.426897e+003,1.511357e+002
1.427861e+003,1.646077e+002
1.428825e+003,1.773156e+002
1.429790e+003,1.896130e+002
1.430754e+003,2.018999e+002
1.431718e+003,2.144944e+002
1.432682e+003,2.278409e+002
1.433647e+003,2.413191e+002
1.434611e+003,2.534281e+002
1.435575e+003,2.634048e+002
1.436539e+003,2.712039e+002
1.437504e+003,2.771808e+002
1.438468e+003,2.826620e+002
1.439432e+003,2.882696e+002
1.440396e+003,2.934565e+002
1.441360e+003,2.971465e+002
1.442325e+003,2.993384e+002
1.443289e+003,3.012147e+002
1.444253e+003,3.028163e+002
1.445217e+003,3.046365e+002
1.446182e+003,3.067005e+002
1.447146e+003,3.079903e+002
1.448110e+003,3.072827e+002
1.449074e+003,3.043055e+002
1.450039e+003,2.990353e+002
1.451003e+003,2.916458e+002
1.451967e+003,2.824519e+002
1.452931e+003,2.719720e+002
1.453896e+003,2.606546e+002
1.454860e+003,2.486829e+002
1.455824e+003,2.364946e+002
1.456788e+003,2.245129e+002
1.457752e+003,2.132772e+002
1.458717e+003,2.031963e+002
1.459681e+003,1.940413e+002
1.460645e+003,1.854034e+002
1.461609e+003,1.769001e+002
1.462574e+003,1.681161e+002
1.463538e+003,1.586249e+002
1.464502e+003,1.489004e+002
1.465466e+003,1.393574e+002
1.466431e+003,1.294849e+002
1.467395e+003,1.184271e+002
1.468359e+003,1.064797e+002
1.469323e+003,9.464783e+001
1.470287e+003,8.358894e+001
1.471252e+003,7.384857e+001
1.472216e+003,6.588798e+001
1.473180e+003,6.040553e+001
1.474144e+003,5.808159e+001
1.475109e+003,5.760639e+001
1.476073e+003,5.732129e+001
1.477037e+003,5.683875e+001
1.478001e+003,5.676748e+001
1.478966e+003,5.696759e+001
1.479930e+003,5.635988e+001
1.480894e+003,5.442507e+001
1.481858e+003,5.116815e+001
1.482823e+003,4.682140e+001
1.483787e+003,4.244980e+001
1.484751e+003,3.964275e+001
1.485715e+003,3.818410e+001
1.486679e+003,3.710883e+001
1.487644e+003,3.604247e+001
1.488608e+003,3.456669e+001
1.489572e+003,3.295721e+001
1.490536e+003,3.229932e+001
1.491501e+003,3.317917e+001
1.492465e+003,3.515789e+001
1.493429e+003,3.766777e+001
1.494393e+003,3.981837e+001
1.495358e+003,4.049247e+001
1.496322e+003,3.981736e+001
1.497286e+003,3.897112e+001
1.498250e+003,3.846024e+001
1.499214e+003,3.723033e+001
1.500179e+003,3.495955e+001
1.501143e+003,3.241474e+001
1.502107e+003,3.055383e+001
1.503071e+003,2.974174e+001
1.504036e+003,3.035462e+001
1.505000e+003,3.224024e+001
1.505964e+003,3.483280e+001
1.506928e+003,3.761150e+001
1.507893e+003,3.960828e+001
1.508857e+003,4.046133e+001
1.509821e+003,4.059119e+001
1.510785e+003,4.048000e+001
1.511750e+003,4.071983e+001
1.512714e+003,4.190692e+001
1.513678e+003,4.395221e+001
1.514642e+003,4.612370e+001
1.515606e+003,4.827824e+001
1.516571e+003,5.073320e+001
1.517535e+003,5.348795e+001
1.518499e+003,5.557433e+001
1.519463e+003,5.634775e+001
1.520428e+003,5.582407e+001
1.521392e+003,5.420766e+001
1.522356e+003,5.177401e+001
1.523320e+003,4.858971e+001
1.524284e+003,4.557968e+001
1.525249e+003,4.443715e+001
1.526213e+003,4.530066e+001
1.527177e+003,4.673639e+001
1.528141e+003,4.756204e+001
1.529106e+003,4.904118e+001
1.530070e+003,5.196081e+001
1.531034e+003,5.589104e+001
1.531998e+003,5.990401e+001
1.532963e+003,6.387167e+001
1.533927e+003,6.803571e+001
1.534891e+003,7.234740e+001
1.535855e+003,7.677113e+001
1.536820e+003,8.123116e+001
1.537784e+003,8.581058e+001
1.538748e+003,9.040179e+001
1.539712e+003,9.359587e+001
1.540677e+003,9.431123e+001
1.541641e+003,9.360545e+001
1.542605e+003,9.405734e+001
1.543569e+003,9.551183e+001
1.544533e+003,9.628316e+001
1.545498e+003,9.671426e+001
1.546462e+003,9.860943e+001
1.547426e+003,1.030086e+002
1.548390e+003,1.084620e+002
1.549354e+003,1.137762e+002
1.550319e+003,1.189382e+002
1.551283e+003,1.238917e+002
1.552247e+003,1.282518e+002
1.553211e+003,1.315354e+002
1.554176e+003,1.339400e+002
1.555140e+003,1.360168e+002
1.556104e+003,1.383401e+002
1.557068e+003,1.410490e+002
1.558033e+003,1.443172e+002
1.558997e+003,1.476992e+002
1.559961e+003,1.512108e+002
1.560925e+003,1.547370e+002
1.561890e+003,1.574264e+002
1.562854e+003,1.603284e+002
1.563818e+003,1.654969e+002
1.564782e+003,1.721345e+002
1.565747e+003,1.779711e+002
1.566711e+003,1.820797e+002
1.567675e+003,1.854209e+002
1.568639e+003,1.887107e+002
1.569604e+003,1.916974e+002
1.570568e+003,1.944096e+002
1.571532e+003,1.964772e+002
1.572496e+003,1.965674e+002
1.573460e+003,1.953834e+002
1.574425e+003,1.943229e+002
1.575389e+003,1.944499e+002
1.576353e+003,1.969099e+002
1.577317e+003,2.017545e+002
1.578281e+003,2.058848e+002
1.579246e+003,2.081060e+002
1.580210e+003,2.111490e+002
1.581174e+003,2.174468e+002
1.582138e+003,2.263409e+002
1.583103e+003,2.360219e+002
1.584067e+003,2.458909e+002
1.585031e+003,2.559895e+002
1.585995e+003,2.661701e+002
1.586960e+003,2.757413e+002
1.587924e+003,2.845352e+002
1.588888e+003,2.933501e+002
1.589852e+003,3.021341e+002
1.590817e+003,3.096122e+002
1.591781e+003,3.144564e+002
1.592745e+003,3.177172e+002
1.593709e+003,3.211645e+002
1.594674e+003,3.248050e+002
1.595638e+003,3.276033e+002
1.596602e+003,3.284073e+002
1.597566e+003,3.257653e+002
1.598531e+003,3.190006e+002
1.599495e+003,3.080484e+002
1.600459e+003,2.935588e+002
1.601423e+003,2.772724e+002
1.602387e+003,2.613756e+002
1.603352e+003,2.443794e+002
1.604316e+003,2.252945e+002
1.605280e+003,2.052553e+002
1.606244e+003,1.860306e+002
1.607208e+003,1.682491e+002
1.608173e+003,1.519262e+002
1.609137e+003,1.372821e+002
1.610101e+003,1.243091e+002
1.611065e+003,1.129644e+002
1.612030e+003,1.034770e+002
1.612994e+003,9.605166e+001
1.613958e+003,9.141733e+001
1.614922e+003,8.998798e+001
1.615887e+003,9.067598e+001
1.616851e+003,9.051101e+001
1.617815e+003,8.969306e+001
1.618779e+003,8.936958e+001
1.619744e+003,9.032722e+001
1.620708e+003,9.251312e+001
1.621672e+003,9.514584e+001
1.622636e+003,9.640401e+001
1.623601e+003,9.567064e+001
1.624565e+003,9.359103e+001
1.625529e+003,9.087643e+001
1.626493e+003,8.788396e+001
1.627458e+003,8.522399e+001
1.628422e+003,8.161886e+001
1.629386e+003,7.569914e+001
1.630350e+003,6.787035e+001
1.631314e+003,6.009795e+001
1.632279e+003,5.342691e+001
1.633243e+003,4.888988e+001
1.634207e+003,4.628256e+001
1.635171e+003,4.332364e+001
1.636135e+003,3.762249e+001
1.637100e+003,3.155168e+001
1.638064e+003,2.725252e+001
1.639028e+003,2.517220e+001
1.639992e+003,2.501114e+001
1.640957e+003,2.555502e+001
1.641921e+003,2.425776e+001
1.642885e+003,2.119141e+001
1.643849e+003,1.802419e+001
1.644814e+003,1.579496e+001
1.645778e+003,1.415115e+001
1.646742e+003,1.274144e+001
1.647706e+003,1.134166e+001
1.648671e+003,9.515426e+000
1.649635e+003,7.457973e+000
1.650599e+003,6.714034e+000
1.651563e+003,7.000306e+000
1.652528e+003,7.633166e+000
1.653492e+003,8.366384e+000
1.654456e+003,8.568250e+000
1.655420e+003,8.108319e+000
1.656385e+003,8.296010e+000
1.657349e+003,9.159509e+000
1.658313e+003,9.471484e+000
1.659277e+003,8.700931e+000
1.660241e+003,8.162354e+000
1.661206e+003,8.846774e+000
1.662170e+003,1.043800e+001
1.663134e+003,1.213408e+001
1.664098e+003,1.299028e+001
1.665063e+003,1.215018e+001
1.666027e+003,9.981114e+000
1.666991e+003,7.517966e+000
1.667955e+003,5.369924e+000
1.668919e+003,3.838904e+000
1.669884e+003,3.127126e+000
1.670848e+003,2.910310e+000
1.671812e+003,2.556748e+000
1.672776e+003,1.994317e+000
1.673741e+003,1.945966e+000
1.674705e+003,2.926463e+000
1.675669e+003,5.024526e+000
1.676633e+003,7.427865e+000
1.677598e+003,9.069020e+000
1.678562e+003,9.664357e+000
1.679526e+003,1.006778e+001
1.680490e+003,1.025739e+001
1.681455e+003,9.645305e+000
1.682419e+003,8.455251e+000
1.683383e+003,7.660571e+000
1.684347e+003,7.856269e+000
1.685312e+003,8.100528e+000
1.686276e+003,7.666739e+000
1.687240e+003,7.032716e+000
1.688204e+003,7.225644e+000
1.689168e+003,8.655913e+000
1.690133e+003,1.131694e+001
1.691097e+003,1.425873e+001
1.692061e+003,1.675087e+001
1.693025e+003,1.872059e+001
1.693990e+003,2.011145e+001
1.694954e+003,2.062954e+001
1.695918e+003,2.048160e+001
1.696882e+003,1.992314e+001
1.697846e+003,1.868660e+001
1.698811e+003,1.642757e+001
1.699775e+003,1.406275e+001
1.700739e+003,1.234649e+001
1.701703e+003,1.136160e+001
1.702668e+003,1.111552e+001
1.703632e+003,1.168710e+001
1.704596e+003,1.237862e+001
1.705560e+003,1.267018e+001
1.706525e+003,1.265604e+001
1.707489e+003,1.256115e+001
1.708453e+003,1.209172e+001
1.709417e+003,1.094919e+001
1.710382e+003,9.100994e+000
1.711346e+003,6.750824e+000
1.712310e+003,4.398467e+000
1.713274e+003,2.709054e+000
1.714239e+003,1.742681e+000
1.715203e+003,1.203543e+000
1.716167e+003,6.789126e-001
1.717131e+003,0.000000e+000
1.718095e+003,5.538368e-002
1.719060e+003,1.482531e+000
1.720024e+003,3.371610e+000
1.720988e+003,4.888298e+000
1.721952e+003,5.760260e+000
1.722917e+003,5.935739e+000
1.723881e+003,5.412101e+000
1.724845e+003,4.390703e+000
1.725809e+003,3.156049e+000
1.726773e+003,1.852277e+000
1.727738e+003,6.128430e-001
1.728702e+003,5.453968e-002
1.729666e+003,2.773433e-001
1.730630e+003,1.446525e+000
1.731595e+003,4.712354e+000
1.732559e+003,9.219161e+000
1.733523e+003,1.225665e+001
1.734487e+003,1.350350e+001
1.735452e+003,1.364275e+001
1.736416e+003,1.319185e+001
1.737380e+003,1.244627e+001
1.738344e+003,1.126038e+001
1.739309e+003,9.203934e+000
1.740273e+003,6.398237e+000
1.741237e+003,3.913372e+000
1.742201e+003,2.964306e+000
1.743166e+003,3.593433e+000
1.744130e+003,5.375850e+000
1.745094e+003,7.768643e+000
1.746058e+003,9.880284e+000
1.747022e+003,1.087464e+001
1.747987e+003,1.117695e+001
1.748951e+003,1.170748e+001
1.749915e+003,1.318499e+001
1.750879e+003,1.584642e+001
1.751844e+003,1.933253e+001
1.752808e+003,2.306613e+001
1.753772e+003,2.698215e+001
1.754736e+003,3.140770e+001
1.755700e+003,3.629732e+001
1.756665e+003,4.140488e+001
1.757629e+003,4.615464e+001
1.758593e+003,5.029284e+001
1.759557e+003,5.433865e+001
1.760522e+003,5.845810e+001
1.761486e+003,6.260466e+001
1.762450e+003,6.746140e+001
1.763414e+003,7.317524e+001
1.764379e+003,7.936736e+001
1.765343e+003,8.594106e+001
1.766307e+003,9.283887e+001
1.767271e+003,9.906923e+001
1.768236e+003,1.035327e+002
1.769200e+003,1.059319e+002
1.770164e+003,1.067699e+002
1.771128e+003,1.058765e+002
1.772093e+003,1.030737e+002
1.773057e+003,9.890208e+001
1.774021e+003,9.397157e+001
1.774985e+003,8.808961e+001
1.775949e+003,8.066532e+001
1.776914e+003,7.168226e+001
1.777878e+003,6.253425e+001
1.778842e+003,5.524398e+001
1.779806e+003,4.971361e+001
1.780771e+003,4.462177e+001
1.781735e+003,3.954121e+001
1.782699e+003,3.505487e+001
1.783663e+003,3.175325e+001
1.784627e+003,2.902720e+001
1.785592e+003,2.626440e+001
1.786556e+003,2.367918e+001
1.787520e+003,2.160162e+001
1.788484e+003,1.970947e+001
1.789449e+003,1.728758e+001
1.790413e+003,1.485414e+001
1.791377e+003,1.367548e+001
1.792341e+003,1.435837e+001
1.793306e+003,1.615648e+001
1.794270e+003,1.782774e+001
1.795234e+003,1.886980e+001
1.796198e+003,1.963107e+001
1.797163e+003,2.077729e+001
1.798127e+003,2.183764e+001
1.799091e+003,2.184623e+001
1.800055e+003,2.113792e+001
1.801020e+003,2.025680e+001
1.801984e+003,1.945880e+001
1.802948e+003,1.903904e+001
1.803912e+003,1.878726e+001
1.804876e+003,1.819833e+001
1.805841e+003,1.754890e+001
1.806805e+003,1.780112e+001
1.807769e+003,1.855898e+001
1.808733e+003,1.955775e+001
1.809698e+003,2.099640e+001
1.810662e+003,2.240903e+001
1.811626e+003,2.227662e+001
1.812590e+003,2.133210e+001
1.813554e+003,2.131390e+001
1.814519e+003,2.232113e+001
1.815483e+003,2.374574e+001
1.816447e+003,2.541934e+001
1.817411e+003,2.710933e+001
1.818376e+003,2.803412e+001
1.819340e+003,2.834480e+001
1.820304e+003,2.878650e+001
1.821268e+003,2.910554e+001
1.822233e+003,2.872674e+001
1.823197e+003,2.794271e+001
1.824161e+003,2.663456e+001
1.825125e+003,2.429611e+001
1.826090e+003,2.187924e+001
1.827054e+003,2.083656e+001
1.828018e+003,2.111850e+001
1.828982e+003,2.202032e+001
1.829947e+003,2.321238e+001
1.830911e+003,2.475721e+001
1.831875e+003,2.602280e+001
1.832839e+003,2.654957e+001
1.833803e+003,2.639057e+001
1.834768e+003,2.611251e+001
1.835732e+003,2.635649e+001
1.836696e+003,2.735329e+001
1.837660e+003,2.857269e+001
1.838625e+003,2.920329e+001
1.839589e+003,2.942344e+001
1.840553e+003,3.052341e+001
1.841517e+003,3.203130e+001
1.842481e+003,3.331466e+001
1.843446e+003,3.471074e+001
1.844410e+003,3.665512e+001
1.845374e+003,3.821559e+001
1.846338e+003,3.880310e+001
1.847303e+003,3.871791e+001
1.848267e+003,3.865823e+001
1.849231e+003,3.896469e+001
1.850195e+003,3.955185e+001
1.851160e+003,4.003662e+001
1.852124e+003,3.986781e+001
1.853088e+003,3.891121e+001
1.854052e+003,3.749916e+001
1.855017e+003,3.650596e+001
1.855981e+003,3.680902e+001
1.856945e+003,3.800499e+001
1.857909e+003,3.841040e+001
1.858874e+003,3.741095e+001
1.859838e+003,3.602203e+001
1.860802e+003,3.504003e+001
1.861766e+003,3.470708e+001
1.862730e+003,3.516419e+001
1.863695e+003,3.666289e+001
1.864659e+003,3.887512e+001
1.865623e+003,4.130815e+001
1.866587e+003,4.371946e+001
1.867552e+003,4.602150e+001
1.868516e+003,4.840884e+001
1.869480e+003,5.038329e+001
1.870444e+003,5.083988e+001
1.871408e+003,4.948557e+001
1.872373e+003,4.738527e+001
1.873337e+003,4.600514e+001
1.874301e+003,4.585613e+001
1.875265e+003,4.650032e+001
1.876230e+003,4.731220e+001
1.877194e+003,4.866299e+001
1.878158e+003,5.048133e+001
1.879122e+003,5.230741e+001
1.880087e+003,5.397340e+001
1.881051e+003,5.495102e+001
1.882015e+003,5.400103e+001
1.882979e+003,5.196070e+001
1.883944e+003,5.073718e+001
1.884908e+003,5.064977e+001
1.885872e+003,5.043704e+001
1.886836e+003,5.038146e+001
1.887801e+003,5.091727e+001
1.888765e+003,5.155079e+001
1.889729e+003,5.170445e+001
1.890693e+003,5.198911e+001
1.891657e+003,5.316496e+001
1.892622e+003,5.518901e+001
1.893586e+003,5.762704e+001
1.894550e+003,5.982515e+001
1.895514e+003,6.034114e+001
1.896479e+003,6.022399e+001
1.897443e+003,6.113785e+001
1.898407e+003,6.271766e+001
1.899371e+003,6.369744e+001
1.900335e+003,6.457423e+001
1.901300e+003,6.574287e+001
1.902264e+003,6.670009e+001
1.903228e+003,6.701423e+001
1.904192e+003,6.694815e+001
1.905157e+003,6.758877e+001
1.906121e+003,6.920521e+001
1.907085e+003,7.162695e+001
1.908049e+003,7.462493e+001
1.909014e+003,7.668336e+001
1.909978e+003,7.735902e+001
1.910942e+003,7.758312e+001
1.911906e+003,7.753046e+001
1.912871e+003,7.664455e+001
1.913835e+003,7.489225e+001
1.914799e+003,7.231358e+001
1.915763e+003,6.913881e+001
1.916728e+003,6.579028e+001
1.917692e+003,6.304813e+001
1.918656e+003,6.181183e+001
1.919620e+003,6.179420e+001
1.920584e+003,6.272767e+001
1.921549e+003,6.493614e+001
1.922513e+003,6.807129e+001
1.923477e+003,7.081220e+001
1.924441e+003,7.288319e+001
1.925406e+003,7.483959e+001
1.926370e+003,7.749323e+001
1.927334e+003,7.983421e+001
1.928298e+003,8.088902e+001
1.929262e+003,8.092799e+001
1.930227e+003,8.056576e+001
1.931191e+003,8.037016e+001
1.932155e+003,8.032188e+001
1.933119e+003,8.000116e+001
1.934084e+003,7.981204e+001
1.935048e+003,8.038778e+001
1.936012e+003,8.166401e+001
1.936976e+003,8.270986e+001
1.937941e+003,8.342872e+001
1.938905e+003,8.430060e+001
1.939869e+003,8.511551e+001
1.940833e+003,8.476092e+001
1.941798e+003,8.429578e+001
1.942762e+003,8.473927e+001
1.943726e+003,8.581431e+001
1.944690e+003,8.717485e+001
1.945655e+003,8.834308e+001
1.946619e+003,8.916656e+001
1.947583e+003,9.005869e+001
1.948547e+003,9.119682e+001
1.949511e+003,9.202925e+001
1.950476e+003,9.207829e+001
1.951440e+003,9.154002e+001
1.952404e+003,9.089675e+001
1.953368e+003,9.038100e+001
1.954333e+003,9.057716e+001
1.955297e+003,9.214216e+001
1.956261e+003,9.431458e+001
1.957225e+003,9.606356e+001
1.958189e+003,9.687414e+001
1.959154e+003,9.689353e+001
1.960118e+003,9.684579e+001
1.961082e+003,9.701515e+001
1.962046e+003,9.695144e+001
1.963011e+003,9.680509e+001
1.963975e+003,9.770020e+001
1.964939e+003,9.992576e+001
1.965903e+003,1.030914e+002
1.966868e+003,1.063901e+002
1.967832e+003,1.088907e+002
1.968796e+003,1.109981e+002
1.969760e+003,1.135254e+002
1.970725e+003,1.158396e+002
1.971689e+003,1.164419e+002
1.972653e+003,1.157190e+002
1.973617e+003,1.150201e+002
1.974582e+003,1.141057e+002
1.975546e+003,1.121195e+002
1.976510e+003,1.099839e+002
1.977474e+003,1.095825e+002
1.978438e+003,1.107388e+002
1.979403e+003,1.126935e+002
1.980367e+003,1.146300e+002
1.981331e+003,1.157518e+002
1.982295e+003,1.167366e+002
1.983260e+003,1.181052e+002
1.984224e+003,1.189010e+002
1.985188e+003,1.186297e+002
1.986152e+003,1.184529e+002
1.987116e+003,1.184473e+002
1.988081e+003,1.173355e+002
1.989045e+003,1.151025e+002
1.990009e+003,1.134362e+002
1.990973e+003,1.135527e+002
1.991938e+003,1.147992e+002
1.992902e+003,1.163183e+002
1.993866e+003,1.113504e+002
1.994830e+003,1.180663e+002
1.995795e+003,1.227448e+002
1.996759e+003,1.225086e+002
1.997723e+003,1.217904e+002
1.998687e+003,1.207444e+002
1.999652e+003,1.198102e+002
