5.002687e+002,2.235520e+001
5.012330e+002,2.378568e+001
5.021972e+002,2.836559e+001
5.031614e+002,3.460676e+001
5.041257e+002,3.897015e+001
5.050899e+002,4.005481e+001
5.060541e+002,4.103999e+001
5.070184e+002,4.258215e+001
5.079826e+002,4.355999e+001
5.089468e+002,4.394130e+001
5.099111e+002,4.412266e+001
5.108753e+002,4.456601e+001
5.118395e+002,4.516119e+001
5.128038e+002,4.550072e+001
5.137680e+002,4.552584e+001
5.147322e+002,4.538956e+001
5.156965e+002,4.524435e+001
5.166607e+002,4.506522e+001
5.176249e+002,4.460794e+001
5.185892e+002,4.370862e+001
5.195534e+002,4.255116e+001
5.205176e+002,4.145862e+001
5.214819e+002,4.055591e+001
5.224461e+002,3.966940e+001
5.234103e+002,3.861925e+001
5.243746e+002,3.748076e+001
5.253388e+002,3.620123e+001
5.263030e+002,3.479655e+001
5.272673e+002,3.331215e+001
5.282315e+002,3.178441e+001
5.291957e+002,3.028053e+001
5.301600e+002,2.887085e+001
5.311242e+002,2.760626e+001
5.320884e+002,2.660639e+001
5.330527e+002,2.601348e+001
5.340169e+002,2.583998e+001
5.349811e+002,2.593200e+001
5.359454e+002,2.598203e+001
5.369096e+002,2.603117e+001
5.378738e+002,2.637209e+001
5.388381e+002,2.697086e+001
5.398023e+002,2.745053e+001
5.407665e+002,2.734204e+001
5.417308e+002,2.660047e+001
5.426950e+002,2.562746e+001
5.436592e+002,2.469894e+001
5.446235e+002,2.367693e+001
5.455877e+002,2.228952e+001
5.465519e+002,2.043876e+001
5.475162e+002,1.867653e+001
5.484804e+002,1.751346e+001
5.494446e+002,1.696252e+001
5.504089e+002,1.700948e+001
5.513731e+002,1.754395e+001
5.523373e+002,1.829777e+001
5.533016e+002,1.896822e+001
5.542658e+002,1.939901e+001
5.552300e+002,1.977814e+001
5.561943e+002,2.027674e+001
5.571585e+002,2.067279e+001
5.581227e+002,2.055683e+001
5.590870e+002,1.979340e+001
5.600512e+002,1.891936e+001
5.610154e+002,1.875558e+001
5.619797e+002,1.928306e+001
5.629439e+002,1.998318e+001
5.639081e+002,2.061942e+001
5.648724e+002,2.135688e+001
5.658366e+002,2.249891e+001
5.668008e+002,2.371423e+001
5.677651e+002,2.437261e+001
5.687293e+002,2.408014e+001
5.696935e+002,2.279984e+001
5.706578e+002,2.068072e+001
5.716220e+002,1.798144e+001
5.725862e+002,1.525024e+001
5.735505e+002,1.307146e+001
5.745147e+002,1.173478e+001
5.754789e+002,1.124878e+001
5.764432e+002,1.163775e+001
5.774074e+002,1.292039e+001
5.783716e+002,1.528026e+001
5.793359e+002,1.828996e+001
5.803001e+002,2.085098e+001
5.812643e+002,2.228514e+001
5.822286e+002,2.267471e+001
5.831928e+002,2.249601e+001
5.841570e+002,2.198941e+001
5.851213e+002,2.108214e+001
5.860855e+002,1.991031e+001
5.870497e+002,1.873201e+001
5.880140e+002,1.795917e+001
5.889782e+002,1.788233e+001
5.899424e+002,1.849649e+001
5.909067e+002,1.959196e+001
5.918709e+002,2.122050e+001
5.928351e+002,2.320662e+001
5.937994e+002,2.543913e+001
5.947636e+002,2.795127e+001
5.957278e+002,3.088241e+001
5.966921e+002,3.419500e+001
5.976563e+002,3.747810e+001
5.986205e+002,4.025844e+001
5.995848e+002,4.240259e+001
6.005490e+002,4.394349e+001
6.015132e+002,4.493860e+001
6.024775e+002,4.566236e+001
6.034417e+002,4.634347e+001
6.044059e+002,4.677127e+001
6.053702e+002,4.672308e+001
6.063344e+002,4.612308e+001
6.072986e+002,4.534631e+001
6.082629e+002,4.461102e+001
6.092271e+002,4.416032e+001
6.101913e+002,4.426566e+001
6.111556e+002,4.494781e+001
6.121198e+002,4.583613e+001
6.130840e+002,4.632794e+001
6.140483e+002,4.637500e+001
6.150125e+002,4.677473e+001
6.159767e+002,4.816454e+001
6.169410e+002,5.010590e+001
6.179052e+002,5.143797e+001
6.188694e+002,5.150404e+001
6.198337e+002,5.073237e+001
6.207979e+002,4.987923e+001
6.217621e+002,4.905341e+001
6.227264e+002,4.828246e+001
6.236906e+002,4.760833e+001
6.246548e+002,4.698095e+001
6.256191e+002,4.628281e+001
6.265833e+002,4.538264e+001
6.275475e+002,4.461998e+001
6.285118e+002,4.455637e+001
6.294760e+002,4.517766e+001
6.304402e+002,4.612679e+001
6.314045e+002,4.705553e+001
6.323687e+002,4.761309e+001
6.333329e+002,4.784136e+001
6.342972e+002,4.775346e+001
6.352614e+002,4.726731e+001
6.362256e+002,4.640310e+001
6.371899e+002,4.509427e+001
6.381541e+002,4.330847e+001
6.391183e+002,4.145826e+001
6.400826e+002,3.981308e+001
6.410468e+002,3.840619e+001
6.420110e+002,3.718166e+001
6.429753e+002,3.606922e+001
6.439395e+002,3.518611e+001
6.449037e+002,3.455771e+001
6.458680e+002,3.390307e+001
6.468322e+002,3.309122e+001
6.477964e+002,3.212070e+001
6.487607e+002,3.106364e+001
6.497249e+002,3.017334e+001
6.506891e+002,2.951092e+001
6.516534e+002,2.897708e+001
6.526176e+002,2.883524e+001
6.535818e+002,2.915786e+001
6.545461e+002,2.987421e+001
6.555103e+002,3.077468e+001
6.564745e+002,3.171089e+001
6.574388e+002,3.295760e+001
6.584030e+002,3.453670e+001
6.593672e+002,3.598138e+001
6.603315e+002,3.671868e+001
6.612957e+002,3.700419e+001
6.622599e+002,3.778166e+001
6.632242e+002,3.964952e+001
6.641884e+002,4.224327e+001
6.651526e+002,4.482986e+001
6.661169e+002,4.713839e+001
6.670811e+002,4.934801e+001
6.680453e+002,5.170792e+001
6.690096e+002,5.438365e+001
6.699738e+002,5.737093e+001
6.709380e+002,6.058852e+001
6.719023e+002,6.367978e+001
6.728665e+002,6.633463e+001
6.738307e+002,6.866122e+001
6.747950e+002,7.122649e+001
6.757592e+002,7.445460e+001
6.767234e+002,7.811906e+001
6.776877e+002,8.173161e+001
6.786519e+002,8.480299e+001
6.796161e+002,8.693243e+001
6.805804e+002,8.800653e+001
6.815446e+002,8.815219e+001
6.825089e+002,8.761376e+001
6.834731e+002,8.630680e+001
6.844373e+002,8.389767e+001
6.854016e+002,8.019072e+001
6.863658e+002,7.540176e+001
6.873300e+002,6.992182e+001
6.882943e+002,6.385418e+001
6.892585e+002,5.729881e+001
6.902227e+002,5.038885e+001
6.911870e+002,4.350613e+001
6.921512e+002,3.672157e+001
6.931154e+002,3.032405e+001
6.940797e+002,2.488127e+001
6.950439e+002,2.081263e+001
6.960081e+002,1.799454e+001
6.969724e+002,1.593286e+001
6.979366e+002,1.441004e+001
6.989008e+002,1.364705e+001
6.998651e+002,1.378160e+001
7.008293e+002,1.437289e+001
7.017935e+002,1.458159e+001
7.027578e+002,1.394974e+001
7.037220e+002,1.279609e+001
7.046862e+002,1.163584e+001
7.056505e+002,1.047246e+001
7.066147e+002,9.354059e+000
7.075789e+002,8.323431e+000
7.085432e+002,7.474887e+000
7.095074e+002,6.834427e+000
7.104716e+002,6.245806e+000
7.114359e+002,5.760705e+000
7.124001e+002,5.613913e+000
7.133643e+002,6.009397e+000
7.143286e+002,7.069784e+000
7.152928e+002,8.265823e+000
7.162570e+002,9.184688e+000
7.172213e+002,9.998055e+000
7.181855e+002,1.090427e+001
7.191497e+002,1.199682e+001
7.201140e+002,1.312607e+001
7.210782e+002,1.400439e+001
7.220424e+002,1.461663e+001
7.230067e+002,1.508275e+001
7.239709e+002,1.531958e+001
7.249351e+002,1.519945e+001
7.258994e+002,1.460040e+001
7.268636e+002,1.362403e+001
7.278278e+002,1.255170e+001
7.287921e+002,1.097962e+001
7.297563e+002,8.976740e+000
7.307205e+002,7.256571e+000
7.316848e+002,6.571252e+000
7.326490e+002,6.768213e+000
7.336132e+002,7.359472e+000
7.345775e+002,7.940801e+000
7.355417e+002,8.471209e+000
7.365059e+002,9.050678e+000
7.374702e+002,9.854420e+000
7.384344e+002,1.091000e+001
7.393986e+002,1.165569e+001
7.403629e+002,1.161115e+001
7.413271e+002,1.088920e+001
7.422913e+002,9.873312e+000
7.432556e+002,9.262863e+000
7.442198e+002,9.393655e+000
7.451840e+002,1.000978e+001
7.461483e+002,1.051487e+001
7.471125e+002,1.067411e+001
7.480767e+002,1.031488e+001
7.490410e+002,9.449909e+000
7.500052e+002,8.654672e+000
7.509694e+002,8.631098e+000
7.519337e+002,9.376598e+000
7.528979e+002,1.013980e+001
7.538621e+002,1.040908e+001
7.548264e+002,1.047255e+001
7.557906e+002,1.094747e+001
7.567548e+002,1.186192e+001
7.577190e+002,1.277418e+001
7.586832e+002,1.324599e+001
7.596475e+002,1.316556e+001
7.606117e+002,1.242160e+001
7.615759e+002,1.128268e+001
7.625402e+002,1.031891e+001
7.635044e+002,9.978416e+000
7.644686e+002,1.007792e+001
7.654329e+002,1.017269e+001
7.663971e+002,1.017321e+001
7.673613e+002,1.030767e+001
7.683256e+002,1.079688e+001
7.692898e+002,1.154513e+001
7.702540e+002,1.216089e+001
7.712183e+002,1.255069e+001
7.721825e+002,1.282518e+001
7.731467e+002,1.309805e+001
7.741110e+002,1.315232e+001
7.750752e+002,1.304372e+001
7.760394e+002,1.294691e+001
7.770037e+002,1.284922e+001
7.779679e+002,1.266513e+001
7.789321e+002,1.236533e+001
7.798964e+002,1.210699e+001
7.808606e+002,1.197152e+001
7.818248e+002,1.188182e+001
7.827891e+002,1.178291e+001
7.837533e+002,1.179143e+001
7.847175e+002,1.208839e+001
7.856818e+002,1.260644e+001
7.866460e+002,1.306605e+001
7.876102e+002,1.302221e+001
7.885745e+002,1.238362e+001
7.895387e+002,1.132954e+001
7.905029e+002,1.007118e+001
7.914672e+002,8.667005e+000
7.924314e+002,7.223261e+000
7.933956e+002,6.102368e+000
7.943599e+002,5.582510e+000
7.953241e+002,5.645790e+000
7.962883e+002,6.058589e+000
7.972526e+002,6.715352e+000
7.982168e+002,7.499076e+000
7.991810e+002,8.158762e+000
8.001453e+002,8.594847e+000
8.011095e+002,8.814517e+000
8.020737e+002,8.830178e+000
8.030380e+002,8.465854e+000
8.040022e+002,7.661248e+000
8.049664e+002,6.680949e+000
8.059307e+002,6.078923e+000
8.068949e+002,6.339818e+000
8.078591e+002,7.380467e+000
8.088234e+002,8.824395e+000
8.097876e+002,1.026309e+001
8.107518e+002,1.155504e+001
8.117161e+002,1.263838e+001
8.126803e+002,1.348020e+001
8.136445e+002,1.409457e+001
8.146088e+002,1.458773e+001
8.155730e+002,1.494411e+001
8.165372e+002,1.502386e+001
8.175015e+002,1.496038e+001
8.184657e+002,1.517682e+001
8.194299e+002,1.567961e+001
8.203942e+002,1.609586e+001
8.213584e+002,1.613192e+001
8.223226e+002,1.589174e+001
8.232869e+002,1.549461e+001
8.242511e+002,1.496586e+001
8.252153e+002,1.424242e+001
8.261796e+002,1.334833e+001
8.271438e+002,1.246945e+001
8.281080e+002,1.185382e+001
8.290723e+002,1.150772e+001
8.300365e+002,1.124154e+001
8.310007e+002,1.097964e+001
8.319650e+002,1.108035e+001
8.329292e+002,1.149979e+001
8.338934e+002,1.197221e+001
8.348577e+002,1.238804e+001
8.358219e+002,1.275699e+001
8.367861e+002,1.307843e+001
8.377504e+002,1.326112e+001
8.387146e+002,1.315198e+001
8.396788e+002,1.270479e+001
8.406431e+002,1.201244e+001
8.416073e+002,1.130986e+001
8.425715e+002,1.076202e+001
8.435358e+002,9.974294e+000
8.445000e+002,8.812469e+000
8.454642e+002,7.780432e+000
8.464285e+002,7.264276e+000
8.473927e+002,7.462651e+000
8.483569e+002,7.886907e+000
8.493212e+002,8.078573e+000
8.502854e+002,8.046984e+000
8.512496e+002,8.000343e+000
8.522139e+002,8.050497e+000
8.531781e+002,8.206985e+000
8.541423e+002,8.603765e+000
8.551066e+002,9.376170e+000
8.560708e+002,1.031124e+001
8.570350e+002,1.074490e+001
8.579993e+002,1.043588e+001
8.589635e+002,9.553267e+000
8.599277e+002,8.609289e+000
8.608920e+002,8.067472e+000
8.618562e+002,7.600977e+000
8.628204e+002,6.981677e+000
8.637847e+002,6.311492e+000
8.647489e+002,5.840149e+000
8.657131e+002,5.788866e+000
8.666774e+002,6.159263e+000
8.676416e+002,6.933378e+000
8.686058e+002,7.981693e+000
8.695701e+002,9.066104e+000
8.705343e+002,9.842740e+000
8.714985e+002,1.006257e+001
8.724628e+002,9.680637e+000
8.734270e+002,9.044969e+000
8.743912e+002,8.549313e+000
8.753555e+002,8.193795e+000
8.763197e+002,7.761950e+000
8.772839e+002,7.364120e+000
8.782482e+002,7.329161e+000
8.792124e+002,7.757246e+000
8.801766e+002,8.484382e+000
8.811409e+002,9.373822e+000
8.821051e+002,1.023226e+001
8.830693e+002,1.077178e+001
8.840336e+002,1.086471e+001
8.849978e+002,1.055392e+001
8.859620e+002,9.948041e+000
8.869263e+002,9.246953e+000
8.878905e+002,8.736818e+000
8.888547e+002,8.427013e+000
8.898190e+002,8.301668e+000
8.907832e+002,8.457729e+000
8.917474e+002,8.793873e+000
8.927117e+002,8.932626e+000
8.936759e+002,8.996511e+000
8.946401e+002,9.300105e+000
8.956044e+002,9.676299e+000
8.965686e+002,9.758858e+000
8.975328e+002,9.410096e+000
8.984971e+002,8.709602e+000
8.994613e+002,7.793965e+000
9.004255e+002,6.955065e+000
9.013898e+002,6.424606e+000
9.023540e+002,6.128460e+000
9.033182e+002,6.018655e+000
9.042825e+002,6.103699e+000
9.052467e+002,6.242213e+000
9.062109e+002,6.236361e+000
9.071752e+002,6.422207e+000
9.081394e+002,7.045073e+000
9.091036e+002,7.875480e+000
9.100679e+002,8.637766e+000
9.110321e+002,9.292466e+000
9.119963e+002,9.866880e+000
9.129606e+002,1.018503e+001
9.139248e+002,1.024345e+001
9.148890e+002,1.021534e+001
9.158533e+002,1.031078e+001
9.168175e+002,1.049596e+001
9.177817e+002,1.051009e+001
9.187460e+002,1.001001e+001
9.197102e+002,8.936367e+000
9.206744e+002,7.681031e+000
9.216387e+002,6.615396e+000
9.226029e+002,5.698786e+000
9.235671e+002,4.854544e+000
9.245314e+002,4.275359e+000
9.254956e+002,4.089098e+000
9.264598e+002,4.215704e+000
9.274241e+002,4.564335e+000
9.283883e+002,5.233165e+000
9.293525e+002,6.294558e+000
9.303168e+002,7.548580e+000
9.312810e+002,8.685430e+000
9.322452e+002,9.541582e+000
9.332095e+002,1.011269e+001
9.341737e+002,1.053347e+001
9.351379e+002,1.074487e+001
9.361022e+002,1.068655e+001
9.370664e+002,1.064734e+001
9.380306e+002,1.100052e+001
9.389949e+002,1.146316e+001
9.399591e+002,1.163887e+001
9.409233e+002,1.156623e+001
9.418876e+002,1.152630e+001
9.428518e+002,1.169325e+001
9.438160e+002,1.204824e+001
9.447803e+002,1.252045e+001
9.457445e+002,1.283270e+001
9.467087e+002,1.284942e+001
9.476730e+002,1.273743e+001
9.486372e+002,1.272728e+001
9.496014e+002,1.306098e+001
9.505657e+002,1.346130e+001
9.515299e+002,1.347654e+001
9.524941e+002,1.282102e+001
9.534584e+002,1.186507e+001
9.544226e+002,1.121693e+001
9.553868e+002,1.092861e+001
9.563511e+002,1.088809e+001
9.573153e+002,1.098750e+001
9.582795e+002,1.113452e+001
9.592438e+002,1.111249e+001
9.602080e+002,1.096053e+001
9.611722e+002,1.093384e+001
9.621365e+002,1.108108e+001
9.631007e+002,1.119088e+001
9.640649e+002,1.100884e+001
9.650292e+002,1.080897e+001
9.659934e+002,1.113668e+001
9.669576e+002,1.192506e+001
9.679219e+002,1.287635e+001
9.688861e+002,1.364071e+001
9.698503e+002,1.414065e+001
9.708146e+002,1.436030e+001
9.717788e+002,1.438251e+001
9.727430e+002,1.439349e+001
9.737073e+002,1.423811e+001
9.746715e+002,1.365606e+001
9.756357e+002,1.246051e+001
9.766000e+002,1.087110e+001
9.775642e+002,9.307943e+000
9.785284e+002,8.183189e+000
9.794927e+002,7.656746e+000
9.804569e+002,7.407743e+000
9.814211e+002,7.295361e+000
9.823854e+002,7.246510e+000
9.833496e+002,7.456311e+000
9.843138e+002,8.183935e+000
9.852781e+002,9.268528e+000
9.862423e+002,1.025017e+001
9.872065e+002,1.055563e+001
9.881708e+002,1.028674e+001
9.891350e+002,9.820725e+000
9.900992e+002,9.378764e+000
9.910635e+002,9.014956e+000
9.920277e+002,8.812834e+000
9.929919e+002,8.764935e+000
9.939562e+002,8.693185e+000
9.949204e+002,8.680873e+000
9.958846e+002,8.939425e+000
9.968489e+002,9.700200e+000
9.978131e+002,1.083309e+001
9.987773e+002,1.182727e+001
9.997416e+002,1.242727e+001
1.000706e+003,1.274113e+001
1.001670e+003,1.309621e+001
1.002634e+003,1.353365e+001
1.003599e+003,1.390770e+001
1.004563e+003,1.420300e+001
1.005527e+003,1.447109e+001
1.006491e+003,1.456250e+001
1.007455e+003,1.434865e+001
1.008420e+003,1.407500e+001
1.009384e+003,1.397626e+001
1.010348e+003,1.413686e+001
1.011312e+003,1.441479e+001
1.012277e+003,1.467323e+001
1.013241e+003,1.495658e+001
1.014205e+003,1.539440e+001
1.015169e+003,1.605677e+001
1.016134e+003,1.657867e+001
1.017098e+003,1.651691e+001
1.018062e+003,1.622688e+001
1.019026e+003,1.619945e+001
1.019990e+003,1.637149e+001
1.020955e+003,1.632275e+001
1.021919e+003,1.586040e+001
1.022883e+003,1.527090e+001
1.023847e+003,1.469028e+001
1.024812e+003,1.413701e+001
1.025776e+003,1.378435e+001
1.026740e+003,1.391907e+001
1.027704e+003,1.436623e+001
1.028669e+003,1.473171e+001
1.029633e+003,1.461911e+001
1.030597e+003,1.412265e+001
1.031561e+003,1.392586e+001
1.032526e+003,1.418649e+001
1.033490e+003,1.451893e+001
1.034454e+003,1.445444e+001
1.035418e+003,1.396135e+001
1.036382e+003,1.337050e+001
1.037347e+003,1.279607e+001
1.038311e+003,1.221838e+001
1.039275e+003,1.212295e+001
1.040239e+003,1.303388e+001
1.041204e+003,1.380697e+001
1.042168e+003,1.296757e+001
1.043132e+003,9.850309e+000
1.044096e+003,6.287589e+000
1.045061e+003,3.700402e+000
1.046025e+003,2.009851e+000
1.046989e+003,8.451767e-001
1.047953e+003,1.084843e-001
1.048917e+003,0.000000e+000
1.049882e+003,6.786337e-001
1.050846e+003,1.998890e+000
1.051810e+003,3.778489e+000
1.052774e+003,6.364400e+000
1.053739e+003,9.554865e+000
1.054703e+003,1.187567e+001
1.055667e+003,1.215047e+001
1.056631e+003,1.090018e+001
1.057596e+003,1.007983e+001
1.058560e+003,9.703403e+000
1.059524e+003,8.997225e+000
1.060488e+003,8.161846e+000
1.061453e+003,7.669090e+000
1.062417e+003,7.566235e+000
1.063381e+003,7.595727e+000
1.064345e+003,7.587349e+000
1.065309e+003,7.804366e+000
1.066274e+003,8.572899e+000
1.067238e+003,9.822067e+000
1.068202e+003,1.119317e+001
1.069166e+003,1.219876e+001
1.070131e+003,1.285056e+001
1.071095e+003,1.312805e+001
1.072059e+003,1.292560e+001
1.073023e+003,1.239048e+001
1.073988e+003,1.177243e+001
1.074952e+003,1.092029e+001
1.075916e+003,9.623190e+000
1.076880e+003,8.174400e+000
1.077844e+003,6.947191e+000
1.078809e+003,6.047784e+000
1.079773e+003,5.350585e+000
1.080737e+003,4.803667e+000
1.081701e+003,4.640897e+000
1.082666e+003,5.072198e+000
1.083630e+003,6.104970e+000
1.084594e+003,7.514545e+000
1.085558e+003,9.004948e+000
1.086523e+003,1.042463e+001
1.087487e+003,1.156248e+001
1.088451e+003,1.228722e+001
1.089415e+003,1.267584e+001
1.090380e+003,1.281612e+001
1.091344e+003,1.258446e+001
1.092308e+003,1.190423e+001
1.093272e+003,1.092834e+001
1.094236e+003,9.981287e+000
1.095201e+003,9.335439e+000
1.096165e+003,9.022434e+000
1.097129e+003,8.925593e+000
1.098093e+003,8.929699e+000
1.099058e+003,9.008186e+000
1.100022e+003,9.112726e+000
1.100986e+003,9.142514e+000
1.101950e+003,9.053422e+000
1.102915e+003,8.865927e+000
1.103879e+003,8.578321e+000
1.104843e+003,8.240076e+000
1.105807e+003,7.891964e+000
1.106771e+003,7.543769e+000
1.107736e+003,7.275174e+000
1.108700e+003,7.184854e+000
1.109664e+003,7.218756e+000
1.110628e+003,7.301605e+000
1.111593e+003,7.394566e+000
1.112557e+003,7.634933e+000
1.113521e+003,8.187099e+000
1.114485e+003,9.190668e+000
1.115450e+003,1.018272e+001
1.116414e+003,1.078549e+001
1.117378e+003,1.097763e+001
1.118342e+003,1.089746e+001
1.119307e+003,1.055855e+001
1.120271e+003,9.851538e+000
1.121235e+003,8.797492e+000
1.122199e+003,7.635547e+000
1.123163e+003,6.565490e+000
1.124128e+003,5.732140e+000
1.125092e+003,5.197998e+000
1.126056e+003,5.105345e+000
1.127020e+003,5.527520e+000
1.127985e+003,6.282187e+000
1.128949e+003,6.823834e+000
1.129913e+003,7.113429e+000
1.130877e+003,7.337387e+000
1.131842e+003,7.536177e+000
1.132806e+003,7.579649e+000
1.133770e+003,7.278407e+000
1.134734e+003,6.669357e+000
1.135698e+003,6.076993e+000
1.136663e+003,5.795578e+000
1.137627e+003,5.831678e+000
1.138591e+003,6.060173e+000
1.139555e+003,6.409781e+000
1.140520e+003,6.837663e+000
1.141484e+003,7.320821e+000
1.142448e+003,7.733747e+000
1.143412e+003,7.892693e+000
1.144377e+003,7.842520e+000
1.145341e+003,7.825445e+000
1.146305e+003,8.052855e+000
1.147269e+003,8.459372e+000
1.148234e+003,9.035621e+000
1.149198e+003,9.973934e+000
1.150162e+003,1.139347e+001
1.151126e+003,1.309015e+001
1.152090e+003,1.465624e+001
1.153055e+003,1.572690e+001
1.154019e+003,1.657160e+001
1.154983e+003,1.750248e+001
1.155947e+003,1.824667e+001
1.156912e+003,1.822980e+001
1.157876e+003,1.736667e+001
1.158840e+003,1.643969e+001
1.159804e+003,1.586849e+001
1.160769e+003,1.542444e+001
1.161733e+003,1.485813e+001
1.162697e+003,1.419584e+001
1.163661e+003,1.370323e+001
1.164625e+003,1.337260e+001
1.165590e+003,1.285098e+001
1.166554e+003,1.206920e+001
1.167518e+003,1.162449e+001
1.168482e+003,1.182701e+001
1.169447e+003,1.212970e+001
1.170411e+003,1.173673e+001
1.171375e+003,1.072444e+001
1.172339e+003,1.001988e+001
1.173304e+003,9.969765e+000
1.174268e+003,1.022579e+001
1.175232e+003,1.045258e+001
1.176196e+003,1.076755e+001
1.177161e+003,1.144966e+001
1.178125e+003,1.242162e+001
1.179089e+003,1.329847e+001
1.180053e+003,1.399441e+001
1.181017e+003,1.463033e+001
1.181982e+003,1.518905e+001
1.182946e+003,1.536883e+001
1.183910e+003,1.521274e+001
1.184874e+003,1.522040e+001
1.185839e+003,1.572830e+001
1.186803e+003,1.679488e+001
1.187767e+003,1.808855e+001
1.188731e+003,1.941675e+001
1.189696e+003,2.085162e+001
1.190660e+003,2.266864e+001
1.191624e+003,2.487299e+001
1.192588e+003,2.697333e+001
1.193552e+003,2.855380e+001
1.194517e+003,2.949913e+001
1.195481e+003,3.009494e+001
1.196445e+003,3.064101e+001
1.197409e+003,3.124480e+001
1.198374e+003,3.175375e+001
1.199338e+003,3.194787e+001
1.200302e+003,3.186628e+001
1.201266e+003,3.150696e+001
1.202231e+003,3.083691e+001
1.203195e+003,2.997195e+001
1.204159e+003,2.919654e+001
1.205123e+003,2.849609e+001
1.206088e+003,2.758334e+001
1.207052e+003,2.644557e+001
1.208016e+003,2.527665e+001
1.208980e+003,2.420419e+001
1.209944e+003,2.304496e+001
1.210909e+003,2.178870e+001
1.211873e+003,2.059565e+001
1.212837e+003,1.959861e+001
1.213801e+003,1.884285e+001
1.214766e+003,1.827972e+001
1.215730e+003,1.788998e+001
1.216694e+003,1.772346e+001
1.217658e+003,1.795459e+001
1.218623e+003,1.859079e+001
1.219587e+003,1.918167e+001
1.220551e+003,1.921859e+001
1.221515e+003,1.842854e+001
1.222479e+003,1.689382e+001
1.223444e+003,1.490492e+001
1.224408e+003,1.298147e+001
1.225372e+003,1.141144e+001
1.226336e+003,1.014365e+001
1.227301e+003,9.003958e+000
1.228265e+003,8.184588e+000
1.229229e+003,8.020304e+000
1.230193e+003,8.670581e+000
1.231158e+003,1.010607e+001
1.232122e+003,1.200830e+001
1.233086e+003,1.370758e+001
1.234050e+003,1.482475e+001
1.235015e+003,1.532278e+001
1.235979e+003,1.525092e+001
1.236943e+003,1.465969e+001
1.237907e+003,1.384981e+001
1.238871e+003,1.292419e+001
1.239836e+003,1.178847e+001
1.240800e+003,1.047819e+001
1.241764e+003,9.402794e+000
1.242728e+003,8.876735e+000
1.243693e+003,8.900545e+000
1.244657e+003,9.267792e+000
1.245621e+003,9.812087e+000
1.246585e+003,1.030290e+001
1.247550e+003,1.053503e+001
1.248514e+003,1.049353e+001
1.249478e+003,1.044672e+001
1.250442e+003,1.045036e+001
1.251406e+003,1.034834e+001
1.252371e+003,9.877972e+000
1.253335e+003,9.097078e+000
1.254299e+003,8.029969e+000
1.255263e+003,7.083904e+000
1.256228e+003,6.782678e+000
1.257192e+003,7.226937e+000
1.258156e+003,7.827441e+000
1.259120e+003,8.174249e+000
1.260085e+003,8.354705e+000
1.261049e+003,8.512955e+000
1.262013e+003,8.933678e+000
1.262977e+003,9.773670e+000
1.263942e+003,1.065338e+001
1.264906e+003,1.087912e+001
1.265870e+003,1.031237e+001
1.266834e+003,9.555910e+000
1.267798e+003,9.195528e+000
1.268763e+003,9.710380e+000
1.269727e+003,1.115224e+001
1.270691e+003,1.289760e+001
1.271655e+003,1.393858e+001
1.272620e+003,1.404315e+001
1.273584e+003,1.380216e+001
1.274548e+003,1.362735e+001
1.275512e+003,1.358089e+001
1.276477e+003,1.365051e+001
1.277441e+003,1.361927e+001
1.278405e+003,1.315589e+001
1.279369e+003,1.247557e+001
1.280333e+003,1.194973e+001
1.281298e+003,1.163023e+001
1.282262e+003,1.154600e+001
1.283226e+003,1.179784e+001
1.284190e+003,1.213289e+001
1.285155e+003,1.210051e+001
1.286119e+003,1.175916e+001
1.287083e+003,1.147533e+001
1.288047e+003,1.136111e+001
1.289012e+003,1.146034e+001
1.289976e+003,1.199197e+001
1.290940e+003,1.265352e+001
1.291904e+003,1.295255e+001
1.292869e+003,1.272879e+001
1.293833e+003,1.207269e+001
1.294797e+003,1.127758e+001
1.295761e+003,1.076989e+001
1.296725e+003,1.071758e+001
1.297690e+003,1.085818e+001
1.298654e+003,1.083385e+001
1.299618e+003,1.065368e+001
1.300582e+003,1.072432e+001
1.301547e+003,1.134308e+001
1.302511e+003,1.234686e+001
1.303475e+003,1.341997e+001
1.304439e+003,1.411302e+001
1.305404e+003,1.431868e+001
1.306368e+003,1.419283e+001
1.307332e+003,1.387616e+001
1.308296e+003,1.344074e+001
1.309260e+003,1.296613e+001
1.310225e+003,1.258699e+001
1.311189e+003,1.226547e+001
1.312153e+003,1.201557e+001
1.313117e+003,1.211084e+001
1.314082e+003,1.288689e+001
1.315046e+003,1.413303e+001
1.316010e+003,1.540429e+001
1.316974e+003,1.661276e+001
1.317939e+003,1.767614e+001
1.318903e+003,1.849174e+001
1.319867e+003,1.884940e+001
1.320831e+003,1.858079e+001
1.321796e+003,1.780567e+001
1.322760e+003,1.681767e+001
1.323724e+003,1.586468e+001
1.324688e+003,1.517249e+001
1.325652e+003,1.501010e+001
1.326617e+003,1.540658e+001
1.327581e+003,1.634747e+001
1.328545e+003,1.755672e+001
1.329509e+003,1.861973e+001
1.330474e+003,1.916880e+001
1.331438e+003,1.931425e+001
1.332402e+003,1.924867e+001
1.333366e+003,1.878280e+001
1.334331e+003,1.777625e+001
1.335295e+003,1.655305e+001
1.336259e+003,1.570550e+001
1.337223e+003,1.558690e+001
1.338188e+003,1.627761e+001
1.339152e+003,1.766726e+001
1.340116e+003,1.939218e+001
1.341080e+003,2.117932e+001
1.342044e+003,2.250408e+001
1.343009e+003,2.300411e+001
1.343973e+003,2.277444e+001
1.344937e+003,2.225211e+001
1.345901e+003,2.144424e+001
1.346866e+003,2.034028e+001
1.347830e+003,1.919024e+001
1.348794e+003,1.837444e+001
1.349758e+003,1.814656e+001
1.350723e+003,1.837397e+001
1.351687e+003,1.880680e+001
1.352651e+003,1.932358e+001
1.353615e+003,1.983147e+001
1.354579e+003,2.018154e+001
1.355544e+003,2.005008e+001
1.356508e+003,1.915098e+001
1.357472e+003,1.770505e+001
1.358436e+003,1.614978e+001
1.359401e+003,1.467007e+001
1.360365e+003,1.336325e+001
1.361329e+003,1.218520e+001
1.362293e+003,1.117438e+001
1.363258e+003,1.038036e+001
1.364222e+003,9.795966e+000
1.365186e+003,9.397573e+000
1.366150e+003,9.199493e+000
1.367115e+003,9.223205e+000
1.368079e+003,9.388348e+000
1.369043e+003,9.538342e+000
1.370007e+003,9.702630e+000
1.370971e+003,1.029747e+001
1.371936e+003,1.150566e+001
1.372900e+003,1.291686e+001
1.373864e+003,1.414617e+001
1.374828e+003,1.505111e+001
1.375793e+003,1.564012e+001
1.376757e+003,1.584716e+001
1.377721e+003,1.552407e+001
1.378685e+003,1.462837e+001
1.379650e+003,1.343010e+001
1.380614e+003,1.218917e+001
1.381578e+003,1.096636e+001
1.382542e+003,9.733873e+000
1.383506e+003,8.600413e+000
1.384471e+003,7.699166e+000
1.385435e+003,7.138113e+000
1.386399e+003,6.981306e+000
1.387363e+003,7.370213e+000
1.388328e+003,8.035643e+000
1.389292e+003,8.684183e+000
1.390256e+003,9.091272e+000
1.391220e+003,9.074685e+000
1.392185e+003,8.729763e+000
1.393149e+003,8.484467e+000
1.394113e+003,8.483891e+000
1.395077e+003,8.653978e+000
1.396042e+003,8.914138e+000
1.397006e+003,9.197583e+000
1.397970e+003,9.420069e+000
1.398934e+003,9.673543e+000
1.399898e+003,1.010108e+001
1.400863e+003,1.063590e+001
1.401827e+003,1.087718e+001
1.402791e+003,1.072806e+001
1.403755e+003,1.012194e+001
1.404720e+003,9.065933e+000
1.405684e+003,7.971492e+000
1.406648e+003,7.335525e+000
1.407612e+003,7.296946e+000
1.408577e+003,7.785428e+000
1.409541e+003,8.661352e+000
1.410505e+003,9.695402e+000
1.411469e+003,1.070884e+001
1.412433e+003,1.162360e+001
1.413398e+003,1.243046e+001
1.414362e+003,1.288617e+001
1.415326e+003,1.268987e+001
1.416290e+003,1.188864e+001
1.417255e+003,1.071520e+001
1.418219e+003,9.481777e+000
1.419183e+003,8.729647e+000
1.420147e+003,8.695076e+000
1.421112e+003,8.943154e+000
1.422076e+003,8.974287e+000
1.423040e+003,8.887362e+000
1.424004e+003,9.165234e+000
1.424969e+003,9.776869e+000
1.425933e+003,1.030741e+001
1.426897e+003,1.049834e+001
1.427861e+003,1.027596e+001
1.428825e+003,9.844690e+000
1.429790e+003,9.336106e+000
1.430754e+003,8.880367e+000
1.431718e+003,8.586279e+000
1.432682e+003,8.610090e+000
1.433647e+003,8.790579e+000
1.434611e+003,8.664597e+000
1.435575e+003,8.233301e+000
1.436539e+003,7.978096e+000
1.437504e+003,8.192461e+000
1.438468e+003,8.629883e+000
1.439432e+003,9.182980e+000
1.440396e+003,9.816810e+000
1.441360e+003,1.049850e+001
1.442325e+003,1.118610e+001
1.443289e+003,1.181526e+001
1.444253e+003,1.247319e+001
1.445217e+003,1.275901e+001
1.446182e+003,1.244019e+001
1.447146e+003,1.160822e+001
1.448110e+003,1.042989e+001
1.449074e+003,9.273590e+000
1.450039e+003,8.641762e+000
1.451003e+003,8.571466e+000
1.451967e+003,8.810231e+000
1.452931e+003,9.096239e+000
1.453896e+003,9.481335e+000
1.454860e+003,1.010093e+001
1.455824e+003,1.081698e+001
1.456788e+003,1.145988e+001
1.457752e+003,1.176642e+001
1.458717e+003,1.144835e+001
1.459681e+003,1.066339e+001
1.460645e+003,9.673153e+000
1.461609e+003,8.712019e+000
1.462574e+003,8.122822e+000
1.463538e+003,8.009073e+000
1.464502e+003,8.228366e+000
1.465466e+003,8.698110e+000
1.466431e+003,9.328728e+000
1.467395e+003,1.020202e+001
1.468359e+003,1.107995e+001
1.469323e+003,1.163419e+001
1.470287e+003,1.190402e+001
1.471252e+003,1.216987e+001
1.472216e+003,1.259272e+001
1.473180e+003,1.299327e+001
1.474144e+003,1.327209e+001
1.475109e+003,1.327177e+001
1.476073e+003,1.282301e+001
1.477037e+003,1.215821e+001
1.478001e+003,1.190157e+001
1.478966e+003,1.214777e+001
1.479930e+003,1.223862e+001
1.480894e+003,1.186430e+001
1.481858e+003,1.104966e+001
1.482823e+003,9.919969e+000
1.483787e+003,8.785246e+000
1.484751e+003,8.035480e+000
1.485715e+003,7.727679e+000
1.486679e+003,7.768483e+000
1.487644e+003,8.046158e+000
1.488608e+003,8.252550e+000
1.489572e+003,8.352319e+000
1.490536e+003,8.942954e+000
1.491501e+003,1.033376e+001
1.492465e+003,1.213255e+001
1.493429e+003,1.369541e+001
1.494393e+003,1.477460e+001
1.495358e+003,1.519520e+001
1.496322e+003,1.510861e+001
1.497286e+003,1.501613e+001
1.498250e+003,1.515720e+001
1.499214e+003,1.531744e+001
1.500179e+003,1.536556e+001
1.501143e+003,1.549735e+001
1.502107e+003,1.587508e+001
1.503071e+003,1.619605e+001
1.504036e+003,1.591079e+001
1.505000e+003,1.503978e+001
1.505964e+003,1.389679e+001
1.506928e+003,1.273439e+001
1.507893e+003,1.169989e+001
1.508857e+003,1.090618e+001
1.509821e+003,1.061314e+001
1.510785e+003,1.098633e+001
1.511750e+003,1.169693e+001
1.512714e+003,1.227822e+001
1.513678e+003,1.295724e+001
1.514642e+003,1.446887e+001
1.515606e+003,1.644009e+001
1.516571e+003,1.765576e+001
1.517535e+003,1.745866e+001
1.518499e+003,1.652435e+001
1.519463e+003,1.538986e+001
1.520428e+003,1.428103e+001
1.521392e+003,1.332518e+001
1.522356e+003,1.274979e+001
1.523320e+003,1.279830e+001
1.524284e+003,1.327318e+001
1.525249e+003,1.366099e+001
1.526213e+003,1.377320e+001
1.527177e+003,1.391116e+001
1.528141e+003,1.419770e+001
1.529106e+003,1.424830e+001
1.530070e+003,1.377290e+001
1.531034e+003,1.273281e+001
1.531998e+003,1.128469e+001
1.532963e+003,9.846249e+000
1.533927e+003,9.240170e+000
1.534891e+003,9.526979e+000
1.535855e+003,1.029751e+001
1.536820e+003,1.133137e+001
1.537784e+003,1.258799e+001
1.538748e+003,1.401488e+001
1.539712e+003,1.534348e+001
1.540677e+003,1.636572e+001
1.541641e+003,1.712451e+001
1.542605e+003,1.788430e+001
1.543569e+003,1.864280e+001
1.544533e+003,1.933219e+001
1.545498e+003,2.001342e+001
1.546462e+003,2.094680e+001
1.547426e+003,2.223013e+001
1.548390e+003,2.334716e+001
1.549354e+003,2.392220e+001
1.550319e+003,2.417384e+001
1.551283e+003,2.447511e+001
1.552247e+003,2.480609e+001
1.553211e+003,2.489035e+001
1.554176e+003,2.491137e+001
1.555140e+003,2.527756e+001
1.556104e+003,2.603115e+001
1.557068e+003,2.688728e+001
1.558033e+003,2.760113e+001
1.558997e+003,2.788178e+001
1.559961e+003,2.755859e+001
1.560925e+003,2.686638e+001
1.561890e+003,2.614727e+001
1.562854e+003,2.534056e+001
1.563818e+003,2.425663e+001
1.564782e+003,2.281084e+001
1.565747e+003,2.093563e+001
1.566711e+003,1.877802e+001
1.567675e+003,1.691541e+001
1.568639e+003,1.568250e+001
1.569604e+003,1.490370e+001
1.570568e+003,1.431780e+001
1.571532e+003,1.370421e+001
1.572496e+003,1.280415e+001
1.573460e+003,1.193558e+001
1.574425e+003,1.173340e+001
1.575389e+003,1.203645e+001
1.576353e+003,1.219302e+001
1.577317e+003,1.191505e+001
1.578281e+003,1.150174e+001
1.579246e+003,1.112458e+001
1.580210e+003,1.077637e+001
1.581174e+003,1.052406e+001
1.582138e+003,1.053482e+001
1.583103e+003,1.103465e+001
1.584067e+003,1.168456e+001
1.585031e+003,1.202229e+001
1.585995e+003,1.202062e+001
1.586960e+003,1.216551e+001
1.587924e+003,1.265553e+001
1.588888e+003,1.320601e+001
1.589852e+003,1.361188e+001
1.590817e+003,1.394631e+001
1.591781e+003,1.439519e+001
1.592745e+003,1.476325e+001
1.593709e+003,1.479715e+001
1.594674e+003,1.469154e+001
1.595638e+003,1.480781e+001
1.596602e+003,1.529114e+001
1.597566e+003,1.586486e+001
1.598531e+003,1.645158e+001
1.599495e+003,1.710835e+001
1.600459e+003,1.795239e+001
1.601423e+003,1.919687e+001
1.602387e+003,2.103564e+001
1.603352e+003,2.300782e+001
1.604316e+003,2.467105e+001
1.605280e+003,2.591467e+001
1.606244e+003,2.678139e+001
1.607208e+003,2.709009e+001
1.608173e+003,2.652533e+001
1.609137e+003,2.530992e+001
1.610101e+003,2.405416e+001
1.611065e+003,2.304219e+001
1.612030e+003,2.190640e+001
1.612994e+003,2.044917e+001
1.613958e+003,1.886425e+001
1.614922e+003,1.741528e+001
1.615887e+003,1.627766e+001
1.616851e+003,1.542057e+001
1.617815e+003,1.472412e+001
1.618779e+003,1.405011e+001
1.619744e+003,1.335902e+001
1.620708e+003,1.246160e+001
1.621672e+003,1.132853e+001
1.622636e+003,1.060441e+001
1.623601e+003,1.058958e+001
1.624565e+003,1.077103e+001
1.625529e+003,1.051881e+001
1.626493e+003,1.007977e+001
1.627458e+003,9.937076e+000
1.628422e+003,9.930475e+000
1.629386e+003,9.925113e+000
1.630350e+003,1.003070e+001
1.631314e+003,1.034903e+001
1.632279e+003,1.067287e+001
1.633243e+003,1.050630e+001
1.634207e+003,9.984305e+000
1.635171e+003,9.944162e+000
1.636135e+003,1.102055e+001
1.637100e+003,1.231534e+001
1.638064e+003,1.314861e+001
1.639028e+003,1.352812e+001
1.639992e+003,1.378821e+001
1.640957e+003,1.407766e+001
1.641921e+003,1.427002e+001
1.642885e+003,1.409372e+001
1.643849e+003,1.334311e+001
1.644814e+003,1.219216e+001
1.645778e+003,1.072570e+001
1.646742e+003,8.945092e+000
1.647706e+003,7.286650e+000
1.648671e+003,6.440373e+000
1.649635e+003,6.668966e+000
1.650599e+003,7.529616e+000
1.651563e+003,8.744199e+000
1.652528e+003,1.026212e+001
1.653492e+003,1.165484e+001
1.654456e+003,1.249226e+001
1.655420e+003,1.279929e+001
1.656385e+003,1.264487e+001
1.657349e+003,1.191497e+001
1.658313e+003,1.071452e+001
1.659277e+003,9.353142e+000
1.660241e+003,8.155404e+000
1.661206e+003,7.190782e+000
1.662170e+003,6.626586e+000
1.663134e+003,6.822743e+000
1.664098e+003,7.817034e+000
1.665063e+003,9.079472e+000
1.666027e+003,1.016779e+001
1.666991e+003,1.036946e+001
1.667955e+003,9.825177e+000
1.668919e+003,9.421907e+000
1.669884e+003,9.605526e+000
1.670848e+003,9.592538e+000
1.671812e+003,8.935676e+000
1.672776e+003,7.904183e+000
1.673741e+003,7.048279e+000
1.674705e+003,6.704717e+000
1.675669e+003,6.905789e+000
1.676633e+003,7.274596e+000
1.677598e+003,7.584333e+000
1.678562e+003,7.883460e+000
1.679526e+003,8.109207e+000
1.680490e+003,8.390085e+000
1.681455e+003,9.364130e+000
1.682419e+003,1.088370e+001
1.683383e+003,1.196615e+001
1.684347e+003,1.189840e+001
1.685312e+003,1.107309e+001
1.686276e+003,9.922349e+000
1.687240e+003,8.904782e+000
1.688204e+003,8.519665e+000
1.689168e+003,8.727582e+000
1.690133e+003,9.038775e+000
1.691097e+003,9.247061e+000
1.692061e+003,9.462710e+000
1.693025e+003,9.737884e+000
1.693990e+003,9.976594e+000
1.694954e+003,1.030620e+001
1.695918e+003,1.063640e+001
1.696882e+003,1.067943e+001
1.697846e+003,1.037391e+001
1.698811e+003,1.000375e+001
1.699775e+003,1.003356e+001
1.700739e+003,1.064433e+001
1.701703e+003,1.136855e+001
1.702668e+003,1.165474e+001
1.703632e+003,1.181048e+001
1.704596e+003,1.216320e+001
1.705560e+003,1.251282e+001
1.706525e+003,1.263257e+001
1.707489e+003,1.237492e+001
1.708453e+003,1.184458e+001
1.709417e+003,1.140064e+001
1.710382e+003,1.124389e+001
1.711346e+003,1.120733e+001
1.712310e+003,1.103522e+001
1.713274e+003,1.077662e+001
1.714239e+003,1.050864e+001
1.715203e+003,9.965804e+000
1.716167e+003,9.067682e+000
1.717131e+003,8.258730e+000
1.718095e+003,8.148125e+000
1.719060e+003,8.968951e+000
1.720024e+003,9.968815e+000
1.720988e+003,1.030049e+001
1.721952e+003,9.895630e+000
1.722917e+003,9.606274e+000
1.723881e+003,9.850339e+000
1.724845e+003,1.028351e+001
1.725809e+003,1.044588e+001
1.726773e+003,1.029627e+001
1.727738e+003,1.017104e+001
1.728702e+003,1.000465e+001
1.729666e+003,9.625538e+000
1.730630e+003,9.327732e+000
1.731595e+003,9.927841e+000
1.732559e+003,1.128410e+001
1.733523e+003,1.221227e+001
1.734487e+003,1.239157e+001
1.735452e+003,1.221998e+001
1.736416e+003,1.233170e+001
1.737380e+003,1.310649e+001
1.738344e+003,1.427696e+001
1.739309e+003,1.525923e+001
1.740273e+003,1.559136e+001
1.741237e+003,1.509734e+001
1.742201e+003,1.388355e+001
1.743166e+003,1.246452e+001
1.744130e+003,1.127281e+001
1.745094e+003,1.035051e+001
1.746058e+003,9.323964e+000
1.747022e+003,8.366545e+000
1.747987e+003,7.745133e+000
1.748951e+003,7.416464e+000
1.749915e+003,7.486370e+000
1.750879e+003,8.161030e+000
1.751844e+003,9.012929e+000
1.752808e+003,9.711201e+000
1.753772e+003,1.032036e+001
1.754736e+003,1.071665e+001
1.755700e+003,1.056023e+001
1.756665e+003,9.987665e+000
1.757629e+003,9.170704e+000
1.758593e+003,8.199635e+000
1.759557e+003,7.261232e+000
1.760522e+003,6.749025e+000
1.761486e+003,6.584625e+000
1.762450e+003,6.413782e+000
1.763414e+003,6.033432e+000
1.764379e+003,5.501857e+000
1.765343e+003,5.171288e+000
1.766307e+003,5.541178e+000
1.767271e+003,6.377530e+000
1.768236e+003,6.845189e+000
1.769200e+003,6.518320e+000
1.770164e+003,5.971099e+000
1.771128e+003,5.631182e+000
1.772093e+003,5.455712e+000
1.773057e+003,5.424521e+000
1.774021e+003,5.586102e+000
1.774985e+003,5.851338e+000
1.775949e+003,6.285261e+000
1.776914e+003,6.806929e+000
1.777878e+003,7.239779e+000
1.778842e+003,7.621199e+000
1.779806e+003,8.063967e+000
1.780771e+003,8.146656e+000
1.781735e+003,7.798403e+000
1.782699e+003,7.450900e+000
1.783663e+003,7.421772e+000
1.784627e+003,7.416080e+000
1.785592e+003,7.256312e+000
1.786556e+003,7.080285e+000
1.787520e+003,7.038099e+000
1.788484e+003,7.162061e+000
1.789449e+003,7.482653e+000
1.790413e+003,7.730221e+000
1.791377e+003,7.622967e+000
1.792341e+003,7.212341e+000
1.793306e+003,6.752218e+000
1.794270e+003,6.582667e+000
1.795234e+003,6.895824e+000
1.796198e+003,7.369898e+000
1.797163e+003,7.504011e+000
1.798127e+003,7.329533e+000
1.799091e+003,7.190140e+000
1.800055e+003,7.278671e+000
1.801020e+003,7.616139e+000
1.801984e+003,8.023833e+000
1.802948e+003,8.139021e+000
1.803912e+003,7.849966e+000
1.804876e+003,7.434361e+000
1.805841e+003,7.117220e+000
1.806805e+003,6.823596e+000
1.807769e+003,6.647976e+000
1.808733e+003,6.615244e+000
1.809698e+003,6.429777e+000
1.810662e+003,5.980914e+000
1.811626e+003,5.547507e+000
1.812590e+003,5.457089e+000
1.813554e+003,5.795392e+000
1.814519e+003,6.338244e+000
1.815483e+003,6.695921e+000
1.816447e+003,6.845069e+000
1.817411e+003,7.276055e+000
1.818376e+003,7.924616e+000
1.819340e+003,8.359186e+000
1.820304e+003,8.342818e+000
1.821268e+003,8.026451e+000
1.822233e+003,7.753435e+000
1.823197e+003,7.740659e+000
1.824161e+003,7.903017e+000
1.825125e+003,7.972084e+000
1.826090e+003,7.951579e+000
1.827054e+003,7.793818e+000
1.828018e+003,7.386673e+000
1.828982e+003,6.930937e+000
1.829947e+003,6.851710e+000
1.830911e+003,7.202352e+000
1.831875e+003,7.537686e+000
1.832839e+003,7.643023e+000
1.833803e+003,7.600339e+000
1.834768e+003,7.576231e+000
1.835732e+003,7.787345e+000
1.836696e+003,8.262419e+000
1.837660e+003,8.696680e+000
1.838625e+003,8.844516e+000
1.839589e+003,8.754750e+000
1.840553e+003,8.694481e+000
1.841517e+003,9.100164e+000
1.842481e+003,9.979929e+000
1.843446e+003,1.079861e+001
1.844410e+003,1.118903e+001
1.845374e+003,1.145113e+001
1.846338e+003,1.164395e+001
1.847303e+003,1.158705e+001
1.848267e+003,1.117670e+001
1.849231e+003,1.065116e+001
1.850195e+003,1.009998e+001
1.851160e+003,9.468846e+000
1.852124e+003,8.823974e+000
1.853088e+003,8.426703e+000
1.854052e+003,8.610095e+000
1.855017e+003,9.520150e+000
1.855981e+003,1.074019e+001
1.856945e+003,1.159797e+001
1.857909e+003,1.180884e+001
1.858874e+003,1.181517e+001
1.859838e+003,1.182560e+001
1.860802e+003,1.160009e+001
1.861766e+003,1.096130e+001
1.862730e+003,1.020125e+001
1.863695e+003,9.636333e+000
1.864659e+003,9.257109e+000
1.865623e+003,9.067587e+000
1.866587e+003,9.226814e+000
1.867552e+003,9.876316e+000
1.868516e+003,1.095699e+001
1.869480e+003,1.217621e+001
1.870444e+003,1.301046e+001
1.871408e+003,1.302509e+001
1.872373e+003,1.231244e+001
1.873337e+003,1.160373e+001
1.874301e+003,1.097767e+001
1.875265e+003,1.012673e+001
1.876230e+003,8.868570e+000
1.877194e+003,7.900892e+000
1.878158e+003,7.673003e+000
1.879122e+003,7.856706e+000
1.880087e+003,8.111536e+000
1.881051e+003,8.348611e+000
1.882015e+003,8.341409e+000
1.882979e+003,8.200558e+000
1.883944e+003,8.211427e+000
1.884908e+003,8.222194e+000
1.885872e+003,7.965220e+000
1.886836e+003,7.937050e+000
1.887801e+003,8.200763e+000
1.888765e+003,8.357689e+000
1.889729e+003,8.077384e+000
1.890693e+003,7.917178e+000
1.891657e+003,8.463796e+000
1.892622e+003,9.344651e+000
1.893586e+003,1.015045e+001
1.894550e+003,1.074636e+001
1.895514e+003,1.108385e+001
1.896479e+003,1.144340e+001
1.897443e+003,1.182966e+001
1.898407e+003,1.181340e+001
1.899371e+003,1.130361e+001
1.900335e+003,1.073552e+001
1.901300e+003,1.029942e+001
1.902264e+003,9.833998e+000
1.903228e+003,9.157799e+000
1.904192e+003,8.531297e+000
1.905157e+003,8.513472e+000
1.906121e+003,8.975069e+000
1.907085e+003,9.616298e+000
1.908049e+003,1.031447e+001
1.909014e+003,1.092381e+001
1.909978e+003,1.128296e+001
1.910942e+003,1.131297e+001
1.911906e+003,1.111442e+001
1.912871e+003,1.102854e+001
1.913835e+003,1.137310e+001
1.914799e+003,1.199886e+001
1.915763e+003,1.260065e+001
1.916728e+003,1.293130e+001
1.917692e+003,1.289266e+001
1.918656e+003,1.257765e+001
1.919620e+003,1.239309e+001
1.920584e+003,1.255709e+001
1.921549e+003,1.294233e+001
1.922513e+003,1.339286e+001
1.923477e+003,1.336194e+001
1.924441e+003,1.264468e+001
1.925406e+003,1.151418e+001
1.926370e+003,1.033774e+001
1.927334e+003,9.618529e+000
1.928298e+003,9.449593e+000
1.929262e+003,9.332520e+000
1.930227e+003,8.906596e+000
1.931191e+003,8.446907e+000
1.932155e+003,8.587170e+000
1.933119e+003,9.532379e+000
1.934084e+003,1.091993e+001
1.935048e+003,1.229102e+001
1.936012e+003,1.334996e+001
1.936976e+003,1.361808e+001
1.937941e+003,1.318332e+001
1.938905e+003,1.244223e+001
1.939869e+003,1.166530e+001
1.940833e+003,1.114711e+001
1.941798e+003,1.087601e+001
1.942762e+003,1.052581e+001
1.943726e+003,1.022546e+001
1.944690e+003,1.042575e+001
1.945655e+003,1.105923e+001
1.946619e+003,1.169705e+001
1.947583e+003,1.229922e+001
1.948547e+003,1.297929e+001
1.949511e+003,1.387542e+001
1.950476e+003,1.495742e+001
1.951440e+003,1.593364e+001
1.952404e+003,1.660654e+001
1.953368e+003,1.683229e+001
1.954333e+003,1.643913e+001
1.955297e+003,1.620657e+001
1.956261e+003,1.661036e+001
1.957225e+003,1.719479e+001
1.958189e+003,1.705335e+001
1.959154e+003,1.632762e+001
1.960118e+003,1.552589e+001
1.961082e+003,1.484790e+001
1.962046e+003,1.430455e+001
1.963011e+003,1.387335e+001
1.963975e+003,1.326650e+001
1.964939e+003,1.250965e+001
1.965903e+003,1.187804e+001
1.966868e+003,1.142301e+001
1.967832e+003,1.112759e+001
1.968796e+003,1.173923e+001
1.969760e+003,1.312225e+001
1.970725e+003,1.433416e+001
1.971689e+003,1.480019e+001
1.972653e+003,1.506908e+001
1.973617e+003,1.519772e+001
1.974582e+003,1.496416e+001
1.975546e+003,1.429788e+001
1.976510e+003,1.329753e+001
1.977474e+003,1.229997e+001
1.978438e+003,1.178487e+001
1.979403e+003,1.173855e+001
1.980367e+003,1.192001e+001
1.981331e+003,1.224924e+001
1.982295e+003,1.299381e+001
1.983260e+003,1.436065e+001
1.984224e+003,1.600929e+001
1.985188e+003,1.714988e+001
1.986152e+003,1.755611e+001
1.987116e+003,1.769915e+001
1.988081e+003,1.779371e+001
1.989045e+003,1.755847e+001
1.990009e+003,1.677932e+001
1.990973e+003,1.597787e+001
1.991938e+003,1.529808e+001
1.992902e+003,1.461744e+001
1.993866e+003,1.549920e+001
1.994830e+003,1.219725e+001
1.995795e+003,1.104837e+001
1.996759e+003,1.450320e+001
1.997723e+003,1.618746e+001
1.998687e+003,1.607929e+001
1.999652e+003,1.632211e+001
