5.001592e+002,2.628169e+002
5.011234e+002,2.718345e+002
5.020877e+002,2.801821e+002
5.030519e+002,2.888723e+002
5.040161e+002,2.949012e+002
5.049804e+002,2.967999e+002
5.059446e+002,2.969313e+002
5.069088e+002,2.991680e+002
5.078731e+002,3.002636e+002
5.088373e+002,3.003027e+002
5.098015e+002,2.994997e+002
5.107658e+002,2.983780e+002
5.117300e+002,2.967966e+002
5.126943e+002,2.941012e+002
5.136585e+002,2.898170e+002
5.146227e+002,2.841585e+002
5.155870e+002,2.776193e+002
5.165512e+002,2.706905e+002
5.175154e+002,2.640284e+002
5.184797e+002,2.582478e+002
5.194439e+002,2.535927e+002
5.204081e+002,2.499730e+002
5.213724e+002,2.472148e+002
5.223366e+002,2.451935e+002
5.233008e+002,2.437983e+002
5.242651e+002,2.429307e+002
5.252293e+002,2.423201e+002
5.261935e+002,2.417805e+002
5.271578e+002,2.409818e+002
5.281220e+002,2.398527e+002
5.290862e+002,2.382174e+002
5.300505e+002,2.356697e+002
5.310147e+002,2.318257e+002
5.319789e+002,2.265484e+002
5.329432e+002,2.201958e+002
5.339074e+002,2.131650e+002
5.348716e+002,2.049926e+002
5.358359e+002,1.951194e+002
5.368001e+002,1.834624e+002
5.377643e+002,1.705935e+002
5.387286e+002,1.572286e+002
5.396928e+002,1.437009e+002
5.406570e+002,1.298552e+002
5.416213e+002,1.158695e+002
5.425855e+002,1.023027e+002
5.435497e+002,8.974713e+001
5.445140e+002,7.868666e+001
5.454782e+002,6.946011e+001
5.464424e+002,6.244652e+001
5.474067e+002,5.740081e+001
5.483709e+002,5.333100e+001
5.493351e+002,4.979705e+001
5.502994e+002,4.681670e+001
5.512636e+002,4.449099e+001
5.522278e+002,4.247847e+001
5.531921e+002,4.024628e+001
5.541563e+002,3.754937e+001
5.551205e+002,3.466542e+001
5.560848e+002,3.203263e+001
5.570490e+002,2.996026e+001
5.580132e+002,2.871276e+001
5.589775e+002,2.829519e+001
5.599417e+002,2.836603e+001
5.609059e+002,2.841101e+001
5.618702e+002,2.812205e+001
5.628344e+002,2.781158e+001
5.637986e+002,2.787323e+001
5.647629e+002,2.812543e+001
5.657271e+002,2.794418e+001
5.666913e+002,2.709690e+001
5.676556e+002,2.589511e+001
5.686198e+002,2.486284e+001
5.695840e+002,2.425754e+001
5.705483e+002,2.413421e+001
5.715125e+002,2.460842e+001
5.724767e+002,2.546602e+001
5.734410e+002,2.620594e+001
5.744052e+002,2.656509e+001
5.753694e+002,2.639652e+001
5.763337e+002,2.586804e+001
5.772979e+002,2.500280e+001
5.782621e+002,2.357034e+001
5.792264e+002,2.166634e+001
5.801906e+002,1.992767e+001
5.811548e+002,1.916185e+001
5.821191e+002,1.956207e+001
5.830833e+002,2.068957e+001
5.840475e+002,2.211908e+001
5.850118e+002,2.376322e+001
5.859760e+002,2.566661e+001
5.869402e+002,2.781659e+001
5.879045e+002,2.996060e+001
5.888687e+002,3.185580e+001
5.898329e+002,3.344212e+001
5.907972e+002,3.470412e+001
5.917614e+002,3.590931e+001
5.927256e+002,3.837398e+001
5.936899e+002,4.328123e+001
5.946541e+002,5.081533e+001
5.956183e+002,6.035845e+001
5.965826e+002,7.107992e+001
5.975468e+002,8.215187e+001
5.985110e+002,9.272481e+001
5.994753e+002,1.020976e+002
6.004395e+002,1.097939e+002
6.014037e+002,1.153256e+002
6.023680e+002,1.181265e+002
6.033322e+002,1.176379e+002
6.042964e+002,1.138490e+002
6.052607e+002,1.077162e+002
6.062249e+002,1.007467e+002
6.071891e+002,9.382607e+001
6.081534e+002,8.728535e+001
6.091176e+002,8.148299e+001
6.100818e+002,7.674225e+001
6.110461e+002,7.323008e+001
6.120103e+002,7.098039e+001
6.129745e+002,7.004302e+001
6.139388e+002,7.042290e+001
6.149030e+002,7.179066e+001
6.158672e+002,7.354684e+001
6.168315e+002,7.520339e+001
6.177957e+002,7.621575e+001
6.187599e+002,7.626328e+001
6.197242e+002,7.554273e+001
6.206884e+002,7.457252e+001
6.216526e+002,7.366500e+001
6.226169e+002,7.287553e+001
6.235811e+002,7.231864e+001
6.245453e+002,7.211558e+001
6.255096e+002,7.225149e+001
6.264738e+002,7.276096e+001
6.274380e+002,7.380711e+001
6.284023e+002,7.554594e+001
6.293665e+002,7.793267e+001
6.303307e+002,8.068213e+001
6.312950e+002,8.336277e+001
6.322592e+002,8.574638e+001
6.332234e+002,8.796836e+001
6.341877e+002,9.013612e+001
6.351519e+002,9.256570e+001
6.361161e+002,9.534444e+001
6.370804e+002,9.852133e+001
6.380446e+002,1.021385e+002
6.390089e+002,1.062413e+002
6.399731e+002,1.109837e+002
6.409373e+002,1.164943e+002
6.419016e+002,1.226644e+002
6.428658e+002,1.292046e+002
6.438300e+002,1.356807e+002
6.447943e+002,1.415044e+002
6.457585e+002,1.460124e+002
6.467227e+002,1.489875e+002
6.476870e+002,1.508163e+002
6.486512e+002,1.521263e+002
6.496154e+002,1.529623e+002
6.505797e+002,1.532427e+002
6.515439e+002,1.530884e+002
6.525081e+002,1.528120e+002
6.534724e+002,1.526666e+002
6.544366e+002,1.531735e+002
6.554008e+002,1.547337e+002
6.563651e+002,1.574353e+002
6.573293e+002,1.609894e+002
6.582935e+002,1.650535e+002
6.592578e+002,1.695386e+002
6.602220e+002,1.745520e+002
6.611862e+002,1.802805e+002
6.621505e+002,1.867577e+002
6.631147e+002,1.938594e+002
6.640789e+002,2.015481e+002
6.650432e+002,2.098403e+002
6.660074e+002,2.187435e+002
6.669716e+002,2.283206e+002
6.679359e+002,2.387953e+002
6.689001e+002,2.500607e+002
6.698643e+002,2.617348e+002
6.708286e+002,2.732211e+002
6.717928e+002,2.840746e+002
6.727570e+002,2.940052e+002
6.737213e+002,3.023012e+002
6.746855e+002,3.081331e+002
6.756497e+002,3.108668e+002
6.766140e+002,3.101385e+002
6.775782e+002,3.059222e+002
6.785424e+002,2.981185e+002
6.795067e+002,2.866371e+002
6.804709e+002,2.717422e+002
6.814351e+002,2.540613e+002
6.823994e+002,2.345414e+002
6.833636e+002,2.142217e+002
6.843278e+002,1.941363e+002
6.852921e+002,1.752276e+002
6.862563e+002,1.580308e+002
6.872205e+002,1.424508e+002
6.881848e+002,1.283829e+002
6.891490e+002,1.157540e+002
6.901132e+002,1.044651e+002
6.910775e+002,9.457076e+001
6.920417e+002,8.584810e+001
6.930059e+002,7.799744e+001
6.939702e+002,7.065023e+001
6.949344e+002,6.363634e+001
6.958986e+002,5.699731e+001
6.968629e+002,5.091131e+001
6.978271e+002,4.563083e+001
6.987913e+002,4.121275e+001
6.997556e+002,3.744613e+001
7.007198e+002,3.445519e+001
7.016840e+002,3.294300e+001
7.026483e+002,3.315977e+001
7.036125e+002,3.482264e+001
7.045767e+002,3.759809e+001
7.055410e+002,4.103172e+001
7.065052e+002,4.432772e+001
7.074694e+002,4.664260e+001
7.084337e+002,4.756244e+001
7.093979e+002,4.696307e+001
7.103621e+002,4.490039e+001
7.113264e+002,4.165745e+001
7.122906e+002,3.767003e+001
7.132548e+002,3.313141e+001
7.142191e+002,2.857077e+001
7.151833e+002,2.496273e+001
7.161475e+002,2.290085e+001
7.171118e+002,2.266320e+001
7.180760e+002,2.369633e+001
7.190402e+002,2.504504e+001
7.200045e+002,2.601908e+001
7.209687e+002,2.648904e+001
7.219329e+002,2.651552e+001
7.228972e+002,2.616254e+001
7.238614e+002,2.560020e+001
7.248256e+002,2.502260e+001
7.257899e+002,2.440447e+001
7.267541e+002,2.343335e+001
7.277183e+002,2.202122e+001
7.286826e+002,2.052546e+001
7.296468e+002,1.940342e+001
7.306110e+002,1.876914e+001
7.315753e+002,1.791918e+001
7.325395e+002,1.649637e+001
7.335037e+002,1.483065e+001
7.344680e+002,1.335267e+001
7.354322e+002,1.230832e+001
7.363964e+002,1.182409e+001
7.373607e+002,1.198649e+001
7.383249e+002,1.281825e+001
7.392891e+002,1.424922e+001
7.402534e+002,1.607311e+001
7.412176e+002,1.793285e+001
7.421818e+002,1.959168e+001
7.431461e+002,2.110026e+001
7.441103e+002,2.256684e+001
7.450745e+002,2.395271e+001
7.460388e+002,2.524282e+001
7.470030e+002,2.652858e+001
7.479672e+002,2.823570e+001
7.489315e+002,3.066758e+001
7.498957e+002,3.373222e+001
7.508599e+002,3.717579e+001
7.518242e+002,4.086374e+001
7.527884e+002,4.519400e+001
7.537526e+002,5.045406e+001
7.547169e+002,5.628243e+001
7.556811e+002,6.232857e+001
7.566453e+002,6.840932e+001
7.576096e+002,7.441322e+001
7.585738e+002,8.016213e+001
7.595380e+002,8.542152e+001
7.605023e+002,9.017160e+001
7.614665e+002,9.458331e+001
7.624307e+002,9.848067e+001
7.633950e+002,1.014918e+002
7.643592e+002,1.034150e+002
7.653234e+002,1.043811e+002
7.662877e+002,1.049417e+002
7.672519e+002,1.052529e+002
7.682161e+002,1.049769e+002
7.691804e+002,1.039975e+002
7.701446e+002,1.023582e+002
7.711088e+002,1.002127e+002
7.720731e+002,9.759151e+001
7.730373e+002,9.443262e+001
7.740015e+002,9.071477e+001
7.749658e+002,8.645847e+001
7.759300e+002,8.174048e+001
7.768942e+002,7.668170e+001
7.778585e+002,7.132665e+001
7.788227e+002,6.589276e+001
7.797869e+002,6.079711e+001
7.807512e+002,5.641171e+001
7.817154e+002,5.278714e+001
7.826796e+002,4.974889e+001
7.836439e+002,4.731305e+001
7.846081e+002,4.562531e+001
7.855723e+002,4.464076e+001
7.865366e+002,4.402629e+001
7.875008e+002,4.336180e+001
7.884650e+002,4.249026e+001
7.894293e+002,4.142405e+001
7.903935e+002,4.026206e+001
7.913577e+002,3.916511e+001
7.923220e+002,3.839034e+001
7.932862e+002,3.804638e+001
7.942504e+002,3.808937e+001
7.952147e+002,3.835847e+001
7.961789e+002,3.869030e+001
7.971431e+002,3.911609e+001
7.981074e+002,3.964238e+001
7.990716e+002,4.016722e+001
8.000358e+002,4.044703e+001
8.010001e+002,4.031180e+001
8.019643e+002,3.983159e+001
8.029285e+002,3.909816e+001
8.038928e+002,3.823467e+001
8.048570e+002,3.734740e+001
8.058212e+002,3.657412e+001
8.067855e+002,3.601307e+001
8.077497e+002,3.544279e+001
8.087139e+002,3.449696e+001
8.096782e+002,3.289343e+001
8.106424e+002,3.083424e+001
8.116066e+002,2.860769e+001
8.125709e+002,2.653451e+001
8.135351e+002,2.478021e+001
8.144993e+002,2.331878e+001
8.154636e+002,2.199989e+001
8.164278e+002,2.069463e+001
8.173920e+002,1.935802e+001
8.183563e+002,1.799490e+001
8.193205e+002,1.667070e+001
8.202847e+002,1.531460e+001
8.212490e+002,1.358955e+001
8.222132e+002,1.148104e+001
8.231774e+002,9.366102e+000
8.241417e+002,7.676715e+000
8.251059e+002,6.450167e+000
8.260701e+002,5.708186e+000
8.270344e+002,5.454505e+000
8.279986e+002,5.574168e+000
8.289628e+002,5.861890e+000
8.299271e+002,6.289570e+000
8.308913e+002,6.871136e+000
8.318555e+002,7.485385e+000
8.328198e+002,7.891921e+000
8.337840e+002,7.924828e+000
8.347482e+002,7.707603e+000
8.357125e+002,7.510347e+000
8.366767e+002,7.449874e+000
8.376409e+002,7.364026e+000
8.386052e+002,7.060358e+000
8.395694e+002,6.514776e+000
8.405336e+002,5.807910e+000
8.414979e+002,5.027246e+000
8.424621e+002,4.280915e+000
8.434263e+002,3.660505e+000
8.443906e+002,3.039975e+000
8.453548e+002,2.122739e+000
8.463190e+002,1.085927e+000
8.472833e+002,3.223965e-001
8.482475e+002,8.705115e-002
8.492117e+002,2.432992e-001
8.501760e+002,5.519974e-001
8.511402e+002,9.120958e-001
8.521044e+002,1.293088e+000
8.530687e+002,1.722364e+000
8.540329e+002,2.220521e+000
8.549971e+002,2.775960e+000
8.559614e+002,3.342734e+000
8.569256e+002,3.829889e+000
8.578898e+002,4.063138e+000
8.588541e+002,3.965180e+000
8.598183e+002,3.854486e+000
8.607825e+002,3.854034e+000
8.617468e+002,3.795139e+000
8.627110e+002,3.599926e+000
8.636752e+002,3.537370e+000
8.646395e+002,3.808272e+000
8.656037e+002,4.266593e+000
8.665679e+002,4.696379e+000
8.675322e+002,4.980847e+000
8.684964e+002,5.050700e+000
8.694606e+002,4.868864e+000
8.704249e+002,4.583274e+000
8.713891e+002,4.272528e+000
8.723533e+002,3.898697e+000
8.733176e+002,3.382730e+000
8.742818e+002,2.754436e+000
8.752460e+002,2.033192e+000
8.762103e+002,1.378925e+000
8.771745e+002,1.123081e+000
8.781387e+002,1.373803e+000
8.791030e+002,1.995391e+000
8.800672e+002,2.642267e+000
8.810314e+002,3.212472e+000
8.819957e+002,3.533513e+000
8.829599e+002,3.457357e+000
8.839241e+002,3.037179e+000
8.848884e+002,2.795131e+000
8.858526e+002,3.074035e+000
8.868168e+002,3.558869e+000
8.877811e+002,3.908955e+000
8.887453e+002,3.932400e+000
8.897095e+002,3.761909e+000
8.906738e+002,3.731355e+000
8.916380e+002,3.991786e+000
8.926022e+002,4.403872e+000
8.935665e+002,4.751064e+000
8.945307e+002,5.119723e+000
8.954949e+002,5.532435e+000
8.964592e+002,5.634418e+000
8.974234e+002,5.214622e+000
8.983876e+002,4.877926e+000
8.993519e+002,4.988654e+000
9.003161e+002,5.368284e+000
9.012803e+002,5.804513e+000
9.022446e+002,6.226288e+000
9.032088e+002,6.697686e+000
9.041730e+002,7.186161e+000
9.051373e+002,7.603482e+000
9.061015e+002,8.013084e+000
9.070657e+002,8.639059e+000
9.080300e+002,9.587451e+000
9.089942e+002,1.074245e+001
9.099584e+002,1.153070e+001
9.109227e+002,1.162770e+001
9.118869e+002,1.123756e+001
9.128511e+002,1.071602e+001
9.138154e+002,1.029473e+001
9.147796e+002,9.865157e+000
9.157438e+002,9.268965e+000
9.167081e+002,8.472195e+000
9.176723e+002,7.579510e+000
9.186365e+002,6.816659e+000
9.196008e+002,6.372622e+000
9.205650e+002,6.312749e+000
9.215292e+002,6.584903e+000
9.224935e+002,7.047650e+000
9.234577e+002,7.456823e+000
9.244219e+002,7.581805e+000
9.253862e+002,7.333077e+000
9.263504e+002,6.887608e+000
9.273146e+002,6.579518e+000
9.282789e+002,6.525907e+000
9.292431e+002,6.677205e+000
9.302073e+002,6.985893e+000
9.311716e+002,7.507747e+000
9.321358e+002,8.182621e+000
9.331000e+002,8.862262e+000
9.340643e+002,9.454420e+000
9.350285e+002,9.934284e+000
9.359927e+002,1.023636e+001
9.369570e+002,1.021908e+001
9.379212e+002,9.814264e+000
9.388854e+002,9.110654e+000
9.398497e+002,8.373989e+000
9.408139e+002,7.934896e+000
9.417781e+002,7.968457e+000
9.427424e+002,8.478359e+000
9.437066e+002,9.215302e+000
9.446708e+002,9.926291e+000
9.456351e+002,1.041838e+001
9.465993e+002,1.078437e+001
9.475635e+002,1.116341e+001
9.485278e+002,1.155915e+001
9.494920e+002,1.191152e+001
9.504562e+002,1.206555e+001
9.514205e+002,1.194338e+001
9.523847e+002,1.154450e+001
9.533489e+002,1.128279e+001
9.543132e+002,1.144659e+001
9.552774e+002,1.207169e+001
9.562416e+002,1.302764e+001
9.572059e+002,1.408332e+001
9.581701e+002,1.493406e+001
9.591343e+002,1.545533e+001
9.600986e+002,1.597590e+001
9.610628e+002,1.670613e+001
9.620270e+002,1.771145e+001
9.629913e+002,1.909993e+001
9.639555e+002,2.086034e+001
9.649197e+002,2.289820e+001
9.658840e+002,2.523465e+001
9.668482e+002,2.808838e+001
9.678124e+002,3.125134e+001
9.687767e+002,3.435884e+001
9.697409e+002,3.708113e+001
9.707051e+002,3.910246e+001
9.716694e+002,4.015570e+001
9.726336e+002,4.034721e+001
9.735978e+002,4.006870e+001
9.745621e+002,3.917776e+001
9.755263e+002,3.750880e+001
9.764905e+002,3.543315e+001
9.774548e+002,3.335320e+001
9.784190e+002,3.152383e+001
9.793832e+002,3.009648e+001
9.803475e+002,2.918363e+001
9.813117e+002,2.858194e+001
9.822759e+002,2.806807e+001
9.832402e+002,2.771009e+001
9.842044e+002,2.780760e+001
9.851686e+002,2.875568e+001
9.861329e+002,3.020376e+001
9.870971e+002,3.147616e+001
9.880613e+002,3.237189e+001
9.890256e+002,3.335201e+001
9.899898e+002,3.506556e+001
9.909540e+002,3.738427e+001
9.919183e+002,4.003675e+001
9.928825e+002,4.285959e+001
9.938467e+002,4.569893e+001
9.948110e+002,4.831623e+001
9.957752e+002,5.086149e+001
9.967394e+002,5.381612e+001
9.977037e+002,5.721798e+001
9.986679e+002,6.079900e+001
9.996321e+002,6.397491e+001
1.000596e+003,6.671521e+001
1.001561e+003,6.958793e+001
1.002525e+003,7.311967e+001
1.003489e+003,7.719658e+001
1.004453e+003,8.155643e+001
1.005418e+003,8.631642e+001
1.006382e+003,9.140760e+001
1.007346e+003,9.609684e+001
1.008310e+003,9.976209e+001
1.009274e+003,1.024544e+002
1.010239e+003,1.042621e+002
1.011203e+003,1.047829e+002
1.012167e+003,1.036517e+002
1.013131e+003,1.006717e+002
1.014096e+003,9.623605e+001
1.015060e+003,9.092805e+001
1.016024e+003,8.528167e+001
1.016988e+003,7.953604e+001
1.017953e+003,7.413389e+001
1.018917e+003,6.958911e+001
1.019881e+003,6.588782e+001
1.020845e+003,6.254605e+001
1.021810e+003,5.947829e+001
1.022774e+003,5.709507e+001
1.023738e+003,5.556536e+001
1.024702e+003,5.472842e+001
1.025667e+003,5.399604e+001
1.026631e+003,5.304386e+001
1.027595e+003,5.204430e+001
1.028559e+003,5.097939e+001
1.029523e+003,4.954405e+001
1.030488e+003,4.781806e+001
1.031452e+003,4.616626e+001
1.032416e+003,4.467642e+001
1.033380e+003,4.306467e+001
1.034345e+003,4.112447e+001
1.035309e+003,3.920039e+001
1.036273e+003,3.746813e+001
1.037237e+003,3.647438e+001
1.038202e+003,3.679114e+001
1.039166e+003,3.755703e+001
1.040130e+003,3.696622e+001
1.041094e+003,3.356210e+001
1.042058e+003,2.897610e+001
1.043023e+003,2.464180e+001
1.043987e+003,2.128626e+001
1.044951e+003,1.887440e+001
1.045915e+003,1.698267e+001
1.046880e+003,1.557902e+001
1.047844e+003,1.498352e+001
1.048808e+003,1.542051e+001
1.049772e+003,1.666765e+001
1.050737e+003,1.889021e+001
1.051701e+003,2.193076e+001
1.052665e+003,2.437062e+001
1.053629e+003,2.443910e+001
1.054594e+003,2.214664e+001
1.055558e+003,1.981203e+001
1.056522e+003,1.799425e+001
1.057486e+003,1.654388e+001
1.058450e+003,1.534103e+001
1.059415e+003,1.451403e+001
1.060379e+003,1.413489e+001
1.061343e+003,1.403623e+001
1.062307e+003,1.392886e+001
1.063272e+003,1.394246e+001
1.064236e+003,1.431602e+001
1.065200e+003,1.496142e+001
1.066164e+003,1.546949e+001
1.067129e+003,1.539842e+001
1.068093e+003,1.487551e+001
1.069057e+003,1.422613e+001
1.070021e+003,1.372053e+001
1.070985e+003,1.341223e+001
1.071950e+003,1.313377e+001
1.072914e+003,1.259555e+001
1.073878e+003,1.173862e+001
1.074842e+003,1.105984e+001
1.075807e+003,1.086630e+001
1.076771e+003,1.092532e+001
1.077735e+003,1.065293e+001
1.078699e+003,9.792741e+000
1.079664e+003,8.721317e+000
1.080628e+003,7.892994e+000
1.081592e+003,7.626567e+000
1.082556e+003,7.974267e+000
1.083521e+003,8.820908e+000
1.084485e+003,9.949516e+000
1.085449e+003,1.097238e+001
1.086413e+003,1.157018e+001
1.087377e+003,1.192815e+001
1.088342e+003,1.244043e+001
1.089306e+003,1.288944e+001
1.090270e+003,1.274247e+001
1.091234e+003,1.190194e+001
1.092199e+003,1.077922e+001
1.093163e+003,9.739054e+000
1.094127e+003,8.853115e+000
1.095091e+003,8.243748e+000
1.096056e+003,8.010141e+000
1.097020e+003,8.027349e+000
1.097984e+003,8.109423e+000
1.098948e+003,8.061686e+000
1.099912e+003,7.815192e+000
1.100877e+003,7.544091e+000
1.101841e+003,7.329286e+000
1.102805e+003,7.123565e+000
1.103769e+003,6.846373e+000
1.104734e+003,6.517421e+000
1.105698e+003,6.182233e+000
1.106662e+003,5.895941e+000
1.107626e+003,5.698358e+000
1.108591e+003,5.839550e+000
1.109555e+003,6.504723e+000
1.110519e+003,7.578267e+000
1.111483e+003,8.717545e+000
1.112448e+003,9.721623e+000
1.113412e+003,1.054263e+001
1.114376e+003,1.112740e+001
1.115340e+003,1.128408e+001
1.116304e+003,1.090014e+001
1.117269e+003,1.000650e+001
1.118233e+003,9.062661e+000
1.119197e+003,8.386010e+000
1.120161e+003,7.956783e+000
1.121126e+003,7.655735e+000
1.122090e+003,7.559256e+000
1.123054e+003,7.623267e+000
1.124018e+003,7.663422e+000
1.124983e+003,7.535889e+000
1.125947e+003,7.309141e+000
1.126911e+003,7.167692e+000
1.127875e+003,7.321720e+000
1.128839e+003,7.728176e+000
1.129804e+003,8.115889e+000
1.130768e+003,8.420303e+000
1.131732e+003,8.857521e+000
1.132696e+003,9.248704e+000
1.133661e+003,9.362134e+000
1.134625e+003,9.205294e+000
1.135589e+003,8.854588e+000
1.136553e+003,8.368531e+000
1.137518e+003,7.884198e+000
1.138482e+003,7.669795e+000
1.139446e+003,7.979279e+000
1.140410e+003,8.884428e+000
1.141375e+003,1.022623e+001
1.142339e+003,1.164836e+001
1.143303e+003,1.295249e+001
1.144267e+003,1.430514e+001
1.145231e+003,1.527269e+001
1.146196e+003,1.534632e+001
1.147160e+003,1.467596e+001
1.148124e+003,1.381349e+001
1.149088e+003,1.311602e+001
1.150053e+003,1.279440e+001
1.151017e+003,1.310179e+001
1.151981e+003,1.386524e+001
1.152945e+003,1.472672e+001
1.153910e+003,1.532673e+001
1.154874e+003,1.567031e+001
1.155838e+003,1.591933e+001
1.156802e+003,1.644742e+001
1.157766e+003,1.735697e+001
1.158731e+003,1.800520e+001
1.159695e+003,1.803082e+001
1.160659e+003,1.771581e+001
1.161623e+003,1.753080e+001
1.162588e+003,1.760643e+001
1.163552e+003,1.783528e+001
1.164516e+003,1.800279e+001
1.165480e+003,1.765442e+001
1.166445e+003,1.667291e+001
1.167409e+003,1.527281e+001
1.168373e+003,1.387660e+001
1.169337e+003,1.274132e+001
1.170302e+003,1.207432e+001
1.171266e+003,1.182993e+001
1.172230e+003,1.185741e+001
1.173194e+003,1.203704e+001
1.174158e+003,1.245481e+001
1.175123e+003,1.332601e+001
1.176087e+003,1.483618e+001
1.177051e+003,1.653152e+001
1.178015e+003,1.779183e+001
1.178980e+003,1.883728e+001
1.179944e+003,2.041884e+001
1.180908e+003,2.309241e+001
1.181872e+003,2.668291e+001
1.182837e+003,3.091091e+001
1.183801e+003,3.515294e+001
1.184765e+003,3.883034e+001
1.185729e+003,4.162125e+001
1.186693e+003,4.340105e+001
1.187658e+003,4.416291e+001
1.188622e+003,4.379404e+001
1.189586e+003,4.215490e+001
1.190550e+003,3.895404e+001
1.191515e+003,3.452340e+001
1.192479e+003,2.992157e+001
1.193443e+003,2.582757e+001
1.194407e+003,2.240068e+001
1.195372e+003,1.952321e+001
1.196336e+003,1.734687e+001
1.197300e+003,1.571819e+001
1.198264e+003,1.462424e+001
1.199229e+003,1.391965e+001
1.200193e+003,1.315516e+001
1.201157e+003,1.196004e+001
1.202121e+003,1.054584e+001
1.203085e+003,9.611001e+000
1.204050e+003,9.195318e+000
1.205014e+003,8.918512e+000
1.205978e+003,8.446711e+000
1.206942e+003,7.695973e+000
1.207907e+003,6.923712e+000
1.208871e+003,6.376626e+000
1.209835e+003,6.143965e+000
1.210799e+003,6.234505e+000
1.211764e+003,6.603827e+000
1.212728e+003,6.937918e+000
1.213692e+003,6.955837e+000
1.214656e+003,6.897379e+000
1.215620e+003,7.307337e+000
1.216585e+003,8.295603e+000
1.217549e+003,9.149548e+000
1.218513e+003,9.396887e+000
1.219477e+003,9.145277e+000
1.220442e+003,8.874758e+000
1.221406e+003,8.787196e+000
1.222370e+003,8.676550e+000
1.223334e+003,8.293350e+000
1.224299e+003,7.681748e+000
1.225263e+003,7.001890e+000
1.226227e+003,6.440689e+000
1.227191e+003,6.256024e+000
1.228156e+003,6.606798e+000
1.229120e+003,7.255403e+000
1.230084e+003,7.942168e+000
1.231048e+003,8.527784e+000
1.232012e+003,8.941407e+000
1.232977e+003,9.340515e+000
1.233941e+003,1.010653e+001
1.234905e+003,1.127122e+001
1.235869e+003,1.248030e+001
1.236834e+003,1.351845e+001
1.237798e+003,1.452324e+001
1.238762e+003,1.570267e+001
1.239726e+003,1.720517e+001
1.240691e+003,1.877164e+001
1.241655e+003,2.010021e+001
1.242619e+003,2.109493e+001
1.243583e+003,2.188808e+001
1.244547e+003,2.259654e+001
1.245512e+003,2.329792e+001
1.246476e+003,2.400390e+001
1.247440e+003,2.453362e+001
1.248404e+003,2.470123e+001
1.249369e+003,2.455551e+001
1.250333e+003,2.435699e+001
1.251297e+003,2.422915e+001
1.252261e+003,2.421804e+001
1.253226e+003,2.406345e+001
1.254190e+003,2.322011e+001
1.255154e+003,2.160781e+001
1.256118e+003,1.997424e+001
1.257083e+003,1.879816e+001
1.258047e+003,1.816732e+001
1.259011e+003,1.802408e+001
1.259975e+003,1.810188e+001
1.260939e+003,1.804142e+001
1.261904e+003,1.786865e+001
1.262868e+003,1.784677e+001
1.263832e+003,1.806769e+001
1.264796e+003,1.840451e+001
1.265761e+003,1.872073e+001
1.266725e+003,1.877299e+001
1.267689e+003,1.843734e+001
1.268653e+003,1.777592e+001
1.269618e+003,1.712902e+001
1.270582e+003,1.647302e+001
1.271546e+003,1.572173e+001
1.272510e+003,1.485251e+001
1.273474e+003,1.384845e+001
1.274439e+003,1.263965e+001
1.275403e+003,1.128436e+001
1.276367e+003,1.028904e+001
1.277331e+003,1.021494e+001
1.278296e+003,1.066905e+001
1.279260e+003,1.118656e+001
1.280224e+003,1.168148e+001
1.281188e+003,1.235712e+001
1.282153e+003,1.317755e+001
1.283117e+003,1.379633e+001
1.284081e+003,1.402294e+001
1.285045e+003,1.394415e+001
1.286010e+003,1.374613e+001
1.286974e+003,1.345595e+001
1.287938e+003,1.300705e+001
1.288902e+003,1.259626e+001
1.289866e+003,1.266416e+001
1.290831e+003,1.318821e+001
1.291795e+003,1.353534e+001
1.292759e+003,1.365419e+001
1.293723e+003,1.379470e+001
1.294688e+003,1.418483e+001
1.295652e+003,1.471593e+001
1.296616e+003,1.510446e+001
1.297580e+003,1.527063e+001
1.298545e+003,1.567484e+001
1.299509e+003,1.657148e+001
1.300473e+003,1.746396e+001
1.301437e+003,1.769087e+001
1.302401e+003,1.710377e+001
1.303366e+003,1.601308e+001
1.304330e+003,1.471247e+001
1.305294e+003,1.353506e+001
1.306258e+003,1.267234e+001
1.307223e+003,1.203096e+001
1.308187e+003,1.148492e+001
1.309151e+003,1.083894e+001
1.310115e+003,9.842178e+000
1.311080e+003,8.647614e+000
1.312044e+003,8.036459e+000
1.313008e+003,8.396229e+000
1.313972e+003,8.813829e+000
1.314937e+003,8.662646e+000
1.315901e+003,8.237112e+000
1.316865e+003,8.147234e+000
1.317829e+003,8.551512e+000
1.318793e+003,9.176919e+000
1.319758e+003,9.748082e+000
1.320722e+003,1.008392e+001
1.321686e+003,1.012584e+001
1.322650e+003,9.717633e+000
1.323615e+003,8.669101e+000
1.324579e+003,7.518600e+000
1.325543e+003,7.168572e+000
1.326507e+003,7.800264e+000
1.327472e+003,8.484057e+000
1.328436e+003,8.829556e+000
1.329400e+003,9.223723e+000
1.330364e+003,9.925539e+000
1.331328e+003,1.071192e+001
1.332293e+003,1.117264e+001
1.333257e+003,1.130562e+001
1.334221e+003,1.131283e+001
1.335185e+003,1.123993e+001
1.336150e+003,1.097904e+001
1.337114e+003,1.052102e+001
1.338078e+003,1.029326e+001
1.339042e+003,1.064157e+001
1.340007e+003,1.130413e+001
1.340971e+003,1.178383e+001
1.341935e+003,1.191712e+001
1.342899e+003,1.193016e+001
1.343864e+003,1.181932e+001
1.344828e+003,1.158314e+001
1.345792e+003,1.133313e+001
1.346756e+003,1.107343e+001
1.347720e+003,1.072947e+001
1.348685e+003,1.028398e+001
1.349649e+003,1.032354e+001
1.350613e+003,1.117998e+001
1.351577e+003,1.243449e+001
1.352542e+003,1.359721e+001
1.353506e+003,1.442988e+001
1.354470e+003,1.488399e+001
1.355434e+003,1.510081e+001
1.356399e+003,1.537288e+001
1.357363e+003,1.581738e+001
1.358327e+003,1.636025e+001
1.359291e+003,1.686667e+001
1.360255e+003,1.701197e+001
1.361220e+003,1.654519e+001
1.362184e+003,1.604069e+001
1.363148e+003,1.649051e+001
1.364112e+003,1.781448e+001
1.365077e+003,1.870813e+001
1.366041e+003,1.869584e+001
1.367005e+003,1.845585e+001
1.367969e+003,1.867971e+001
1.368934e+003,1.955418e+001
1.369898e+003,2.079395e+001
1.370862e+003,2.227268e+001
1.371826e+003,2.411537e+001
1.372791e+003,2.623990e+001
1.373755e+003,2.804060e+001
1.374719e+003,2.902472e+001
1.375683e+003,2.962377e+001
1.376647e+003,3.002974e+001
1.377612e+003,2.996117e+001
1.378576e+003,2.892008e+001
1.379540e+003,2.722372e+001
1.380504e+003,2.533027e+001
1.381469e+003,2.329651e+001
1.382433e+003,2.102516e+001
1.383397e+003,1.859252e+001
1.384361e+003,1.648885e+001
1.385326e+003,1.492201e+001
1.386290e+003,1.367575e+001
1.387254e+003,1.248387e+001
1.388218e+003,1.132500e+001
1.389182e+003,1.036509e+001
1.390147e+003,9.486599e+000
1.391111e+003,9.085488e+000
1.392075e+003,9.393547e+000
1.393039e+003,1.021421e+001
1.394004e+003,1.117591e+001
1.394968e+003,1.226778e+001
1.395932e+003,1.367463e+001
1.396896e+003,1.530537e+001
1.397861e+003,1.681588e+001
1.398825e+003,1.800236e+001
1.399789e+003,1.903667e+001
1.400753e+003,1.998099e+001
1.401718e+003,2.088896e+001
1.402682e+003,2.183558e+001
1.403646e+003,2.290489e+001
1.404610e+003,2.434212e+001
1.405574e+003,2.599099e+001
1.406539e+003,2.751173e+001
1.407503e+003,2.868535e+001
1.408467e+003,2.932649e+001
1.409431e+003,2.923532e+001
1.410396e+003,2.851341e+001
1.411360e+003,2.765817e+001
1.412324e+003,2.674166e+001
1.413288e+003,2.549984e+001
1.414253e+003,2.379632e+001
1.415217e+003,2.207491e+001
1.416181e+003,2.066229e+001
1.417145e+003,1.952333e+001
1.418109e+003,1.853054e+001
1.419074e+003,1.782385e+001
1.420038e+003,1.768343e+001
1.421002e+003,1.806645e+001
1.421966e+003,1.823142e+001
1.422931e+003,1.801067e+001
1.423895e+003,1.821284e+001
1.424859e+003,1.956343e+001
1.425823e+003,2.126729e+001
1.426788e+003,2.232521e+001
1.427752e+003,2.274114e+001
1.428716e+003,2.301182e+001
1.429680e+003,2.334581e+001
1.430645e+003,2.375723e+001
1.431609e+003,2.432846e+001
1.432573e+003,2.525359e+001
1.433537e+003,2.657979e+001
1.434501e+003,2.786540e+001
1.435466e+003,2.862991e+001
1.436430e+003,2.896972e+001
1.437394e+003,2.894634e+001
1.438358e+003,2.865747e+001
1.439323e+003,2.807512e+001
1.440287e+003,2.751773e+001
1.441251e+003,2.725516e+001
1.442215e+003,2.743784e+001
1.443180e+003,2.789824e+001
1.444144e+003,2.842618e+001
1.445108e+003,2.901759e+001
1.446072e+003,2.984160e+001
1.447036e+003,3.085680e+001
1.448001e+003,3.174969e+001
1.448965e+003,3.227595e+001
1.449929e+003,3.219944e+001
1.450893e+003,3.151775e+001
1.451858e+003,3.071283e+001
1.452822e+003,3.027719e+001
1.453786e+003,3.015079e+001
1.454750e+003,2.981679e+001
1.455715e+003,2.914279e+001
1.456679e+003,2.810348e+001
1.457643e+003,2.677733e+001
1.458607e+003,2.538035e+001
1.459572e+003,2.408675e+001
1.460536e+003,2.271208e+001
1.461500e+003,2.101217e+001
1.462464e+003,1.913514e+001
1.463428e+003,1.744497e+001
1.464393e+003,1.596410e+001
1.465357e+003,1.424445e+001
1.466321e+003,1.202916e+001
1.467285e+003,9.906750e+000
1.468250e+003,8.302923e+000
1.469214e+003,7.225614e+000
1.470178e+003,6.558852e+000
1.471142e+003,6.188996e+000
1.472107e+003,6.014142e+000
1.473071e+003,6.029391e+000
1.474035e+003,6.276475e+000
1.474999e+003,6.780530e+000
1.475964e+003,7.502814e+000
1.476928e+003,8.293072e+000
1.477892e+003,9.007846e+000
1.478856e+003,9.504282e+000
1.479820e+003,9.813586e+000
1.480785e+003,1.017858e+001
1.481749e+003,1.044767e+001
1.482713e+003,1.059566e+001
1.483677e+003,1.046432e+001
1.484642e+003,9.689278e+000
1.485606e+003,7.898621e+000
1.486570e+003,5.841793e+000
1.487534e+003,4.121648e+000
1.488499e+003,3.120332e+000
1.489463e+003,3.035475e+000
1.490427e+003,3.790499e+000
1.491391e+003,5.002869e+000
1.492355e+003,6.305674e+000
1.493320e+003,7.403954e+000
1.494284e+003,8.133488e+000
1.495248e+003,8.698557e+000
1.496212e+003,9.212049e+000
1.497177e+003,9.346411e+000
1.498141e+003,8.779632e+000
1.499105e+003,7.579686e+000
1.500069e+003,6.473251e+000
1.501034e+003,5.693985e+000
1.501998e+003,5.653909e+000
1.502962e+003,6.386586e+000
1.503926e+003,7.411852e+000
1.504891e+003,8.240553e+000
1.505855e+003,8.686240e+000
1.506819e+003,8.486840e+000
1.507783e+003,8.013397e+000
1.508747e+003,7.736491e+000
1.509712e+003,7.706547e+000
1.510676e+003,7.590676e+000
1.511640e+003,7.225269e+000
1.512604e+003,6.902815e+000
1.513569e+003,6.754033e+000
1.514533e+003,6.619048e+000
1.515497e+003,6.219892e+000
1.516461e+003,5.718388e+000
1.517426e+003,5.435519e+000
1.518390e+003,5.066416e+000
1.519354e+003,3.967894e+000
1.520318e+003,2.122099e+000
1.521282e+003,6.952155e-001
1.522247e+003,1.346018e-001
1.523211e+003,3.454971e-002
1.524175e+003,0.000000e+000
1.525139e+003,3.467886e-001
1.526104e+003,1.583196e+000
1.527068e+003,3.194995e+000
1.528032e+003,4.421239e+000
1.528996e+003,4.935935e+000
1.529961e+003,5.073284e+000
1.530925e+003,4.893318e+000
1.531889e+003,4.255177e+000
1.532853e+003,3.203467e+000
1.533818e+003,2.125960e+000
1.534782e+003,1.484586e+000
1.535746e+003,1.206259e+000
1.536710e+003,1.162433e+000
1.537674e+003,1.247311e+000
1.538639e+003,1.427113e+000
1.539603e+003,1.673642e+000
1.540567e+003,1.780425e+000
1.541531e+003,1.699505e+000
1.542496e+003,1.491449e+000
1.543460e+003,1.247317e+000
1.544424e+003,1.203391e+000
1.545388e+003,1.743908e+000
1.546353e+003,2.709370e+000
1.547317e+003,3.821532e+000
1.548281e+003,4.990500e+000
1.549245e+003,6.189539e+000
1.550209e+003,7.312092e+000
1.551174e+003,7.974034e+000
1.552138e+003,8.068502e+000
1.553102e+003,7.829496e+000
1.554066e+003,7.542460e+000
1.555031e+003,7.450291e+000
1.555995e+003,7.762678e+000
1.556959e+003,8.530857e+000
1.557923e+003,9.746099e+000
1.558888e+003,1.115338e+001
1.559852e+003,1.218898e+001
1.560816e+003,1.264486e+001
1.561780e+003,1.282079e+001
1.562745e+003,1.281555e+001
1.563709e+003,1.241770e+001
1.564673e+003,1.140034e+001
1.565637e+003,9.991814e+000
1.566601e+003,8.495520e+000
1.567566e+003,7.144404e+000
1.568530e+003,6.164954e+000
1.569494e+003,5.573901e+000
1.570458e+003,5.124609e+000
1.571423e+003,4.768807e+000
1.572387e+003,4.569529e+000
1.573351e+003,4.528754e+000
1.574315e+003,4.707762e+000
1.575280e+003,5.228228e+000
1.576244e+003,5.799850e+000
1.577208e+003,6.132195e+000
1.578172e+003,6.178383e+000
1.579136e+003,6.054509e+000
1.580101e+003,5.963933e+000
1.581065e+003,6.349125e+000
1.582029e+003,7.094151e+000
1.582993e+003,7.551643e+000
1.583958e+003,7.281411e+000
1.584922e+003,6.846138e+000
1.585886e+003,6.766672e+000
1.586850e+003,6.664834e+000
1.587815e+003,6.096043e+000
1.588779e+003,5.190314e+000
1.589743e+003,4.315458e+000
1.590707e+003,3.550547e+000
1.591672e+003,2.801631e+000
1.592636e+003,2.197430e+000
1.593600e+003,2.238809e+000
1.594564e+003,3.232613e+000
1.595528e+003,4.112432e+000
1.596493e+003,4.221785e+000
1.597457e+003,4.416414e+000
1.598421e+003,5.859844e+000
1.599385e+003,7.981846e+000
1.600350e+003,9.378860e+000
1.601314e+003,1.004723e+001
1.602278e+003,1.076583e+001
1.603242e+003,1.157632e+001
1.604207e+003,1.138577e+001
1.605171e+003,9.822174e+000
1.606135e+003,8.002000e+000
1.607099e+003,6.617414e+000
1.608063e+003,5.292490e+000
1.609028e+003,3.097266e+000
1.609992e+003,1.124117e+000
1.610956e+003,9.585783e-001
1.611920e+003,2.313936e+000
1.612885e+003,3.668077e+000
1.613849e+003,4.408800e+000
1.614813e+003,5.255610e+000
1.615777e+003,6.415926e+000
1.616742e+003,7.289639e+000
1.617706e+003,7.317385e+000
1.618670e+003,6.840813e+000
1.619634e+003,6.602714e+000
1.620599e+003,6.303720e+000
1.621563e+003,5.381127e+000
1.622527e+003,3.948174e+000
1.623491e+003,3.064803e+000
1.624455e+003,2.838088e+000
1.625420e+003,2.527818e+000
1.626384e+003,1.911317e+000
1.627348e+003,1.383850e+000
1.628312e+003,1.308864e+000
1.629277e+003,1.384548e+000
1.630241e+003,1.434193e+000
1.631205e+003,1.692666e+000
1.632169e+003,2.249087e+000
1.633134e+003,2.741041e+000
1.634098e+003,2.522613e+000
1.635062e+003,2.088361e+000
1.636026e+003,2.310654e+000
1.636990e+003,3.186378e+000
1.637955e+003,3.906665e+000
1.638919e+003,4.196507e+000
1.639883e+003,4.702496e+000
1.640847e+003,5.620019e+000
1.641812e+003,6.430885e+000
1.642776e+003,6.475199e+000
1.643740e+003,6.164806e+000
1.644704e+003,6.106470e+000
1.645669e+003,5.987960e+000
1.646633e+003,5.061767e+000
1.647597e+003,3.393204e+000
1.648561e+003,2.242593e+000
1.649526e+003,1.975156e+000
1.650490e+003,1.994625e+000
1.651454e+003,1.827673e+000
1.652418e+003,1.789315e+000
1.653382e+003,2.351087e+000
1.654347e+003,2.994904e+000
1.655311e+003,3.169805e+000
1.656275e+003,3.033564e+000
1.657239e+003,3.250217e+000
1.658204e+003,3.681283e+000
1.659168e+003,3.838043e+000
1.660132e+003,3.686082e+000
1.661096e+003,3.584944e+000
1.662061e+003,3.815656e+000
1.663025e+003,4.400433e+000
1.663989e+003,5.152271e+000
1.664953e+003,5.591956e+000
1.665917e+003,5.450818e+000
1.666882e+003,5.207167e+000
1.667846e+003,5.341878e+000
1.668810e+003,5.383510e+000
1.669774e+003,5.152523e+000
1.670739e+003,4.784351e+000
1.671703e+003,4.229950e+000
1.672667e+003,3.751593e+000
1.673631e+003,3.811205e+000
1.674596e+003,4.447225e+000
1.675560e+003,5.462047e+000
1.676524e+003,6.639921e+000
1.677488e+003,7.428769e+000
1.678453e+003,7.540629e+000
1.679417e+003,7.525527e+000
1.680381e+003,8.098595e+000
1.681345e+003,8.959406e+000
1.682309e+003,9.080291e+000
1.683274e+003,8.247410e+000
1.684238e+003,6.728464e+000
1.685202e+003,4.921392e+000
1.686166e+003,3.278152e+000
1.687131e+003,2.264824e+000
1.688095e+003,2.162048e+000
1.689059e+003,2.697491e+000
1.690023e+003,3.207879e+000
1.690988e+003,3.262048e+000
1.691952e+003,3.210800e+000
1.692916e+003,3.451559e+000
1.693880e+003,4.067533e+000
1.694844e+003,4.871920e+000
1.695809e+003,5.519569e+000
1.696773e+003,5.377117e+000
1.697737e+003,5.022345e+000
1.698701e+003,5.277723e+000
1.699666e+003,6.007496e+000
1.700630e+003,6.542188e+000
1.701594e+003,6.824650e+000
1.702558e+003,6.712576e+000
1.703523e+003,6.112388e+000
1.704487e+003,5.576855e+000
1.705451e+003,5.729302e+000
1.706415e+003,5.811648e+000
1.707380e+003,5.449179e+000
1.708344e+003,4.794208e+000
1.709308e+003,3.935471e+000
1.710272e+003,3.230345e+000
1.711236e+003,3.809118e+000
1.712201e+003,5.260008e+000
1.713165e+003,6.259527e+000
1.714129e+003,5.991446e+000
1.715093e+003,4.777858e+000
1.716058e+003,3.389160e+000
1.717022e+003,2.737663e+000
1.717986e+003,3.136606e+000
1.718950e+003,3.798378e+000
1.719915e+003,3.467648e+000
1.720879e+003,2.751392e+000
1.721843e+003,2.371207e+000
1.722807e+003,2.199648e+000
1.723771e+003,1.949428e+000
1.724736e+003,1.898933e+000
1.725700e+003,1.936603e+000
1.726664e+003,1.976096e+000
1.727628e+003,2.028498e+000
1.728593e+003,2.119466e+000
1.729557e+003,2.669500e+000
1.730521e+003,3.769044e+000
1.731485e+003,4.436213e+000
1.732450e+003,4.117127e+000
1.733414e+003,3.689857e+000
1.734378e+003,4.165699e+000
1.735342e+003,4.709821e+000
1.736307e+003,4.497779e+000
1.737271e+003,3.678274e+000
1.738235e+003,3.134168e+000
1.739199e+003,3.088573e+000
1.740163e+003,3.335861e+000
1.741128e+003,3.707763e+000
1.742092e+003,3.999952e+000
1.743056e+003,4.132843e+000
1.744020e+003,4.049146e+000
1.744985e+003,3.480745e+000
1.745949e+003,2.654512e+000
1.746913e+003,2.261777e+000
1.747877e+003,2.556302e+000
1.748842e+003,3.024652e+000
1.749806e+003,3.696774e+000
1.750770e+003,4.761982e+000
1.751734e+003,6.111469e+000
1.752698e+003,7.338140e+000
1.753663e+003,8.503983e+000
1.754627e+003,9.751375e+000
1.755591e+003,1.085919e+001
1.756555e+003,1.168704e+001
1.757520e+003,1.233175e+001
1.758484e+003,1.252897e+001
1.759448e+003,1.249489e+001
1.760412e+003,1.320908e+001
1.761377e+003,1.518286e+001
1.762341e+003,1.784479e+001
1.763305e+003,2.062965e+001
1.764269e+003,2.319937e+001
1.765234e+003,2.540235e+001
1.766198e+003,2.749222e+001
1.767162e+003,2.997627e+001
1.768126e+003,3.244355e+001
1.769090e+003,3.425787e+001
1.770055e+003,3.538784e+001
1.771019e+003,3.622682e+001
1.771983e+003,3.675257e+001
1.772947e+003,3.695622e+001
1.773912e+003,3.711929e+001
1.774876e+003,3.700997e+001
1.775840e+003,3.607492e+001
1.776804e+003,3.401617e+001
1.777769e+003,3.081616e+001
1.778733e+003,2.669140e+001
1.779697e+003,2.226400e+001
1.780661e+003,1.838721e+001
1.781625e+003,1.525008e+001
1.782590e+003,1.268818e+001
1.783554e+003,1.074590e+001
1.784518e+003,9.389028e+000
1.785482e+003,8.225773e+000
1.786447e+003,7.163494e+000
1.787411e+003,6.591173e+000
1.788375e+003,6.521237e+000
1.789339e+003,6.541193e+000
1.790304e+003,6.357326e+000
1.791268e+003,6.044218e+000
1.792232e+003,5.663349e+000
1.793196e+003,5.541735e+000
1.794161e+003,6.099483e+000
1.795125e+003,7.155770e+000
1.796089e+003,8.033107e+000
1.797053e+003,8.333035e+000
1.798017e+003,8.027741e+000
1.798982e+003,7.465429e+000
1.799946e+003,7.087789e+000
1.800910e+003,6.433002e+000
1.801874e+003,5.248368e+000
1.802839e+003,3.826053e+000
1.803803e+003,2.607298e+000
1.804767e+003,1.944830e+000
1.805731e+003,2.078794e+000
1.806696e+003,2.680210e+000
1.807660e+003,3.371431e+000
1.808624e+003,4.165178e+000
1.809588e+003,5.310258e+000
1.810552e+003,6.383210e+000
1.811517e+003,6.960667e+000
1.812481e+003,7.127672e+000
1.813445e+003,7.016823e+000
1.814409e+003,6.167701e+000
1.815374e+003,4.753584e+000
1.816338e+003,3.234737e+000
1.817302e+003,1.895381e+000
1.818266e+003,9.169128e-001
1.819231e+003,4.545515e-001
1.820195e+003,2.253945e-001
1.821159e+003,4.721758e-001
1.822123e+003,1.728029e+000
1.823088e+003,3.919333e+000
1.824052e+003,6.152658e+000
1.825016e+003,7.654444e+000
1.825980e+003,8.374115e+000
1.826944e+003,8.575130e+000
1.827909e+003,8.233650e+000
1.828873e+003,7.582932e+000
1.829837e+003,7.222845e+000
1.830801e+003,7.183764e+000
1.831766e+003,7.052744e+000
1.832730e+003,6.737636e+000
1.833694e+003,6.329871e+000
1.834658e+003,6.093356e+000
1.835623e+003,6.153346e+000
1.836587e+003,6.296299e+000
1.837551e+003,6.284254e+000
1.838515e+003,5.887170e+000
1.839479e+003,5.079916e+000
1.840444e+003,4.062986e+000
1.841408e+003,2.888940e+000
1.842372e+003,1.607586e+000
1.843336e+003,1.047392e+000
1.844301e+003,1.257137e+000
1.845265e+003,1.646525e+000
1.846229e+003,1.780015e+000
1.847193e+003,1.724197e+000
1.848158e+003,1.709735e+000
1.849122e+003,2.018470e+000
1.850086e+003,2.787234e+000
1.851050e+003,3.852693e+000
1.852015e+003,4.850160e+000
1.852979e+003,5.624082e+000
1.853943e+003,6.217774e+000
1.854907e+003,6.536470e+000
1.855871e+003,6.622157e+000
1.856836e+003,7.169931e+000
1.857800e+003,7.787698e+000
1.858764e+003,7.746807e+000
1.859728e+003,7.033703e+000
1.860693e+003,6.176457e+000
1.861657e+003,5.382501e+000
1.862621e+003,4.773954e+000
1.863585e+003,4.398758e+000
1.864550e+003,4.212447e+000
1.865514e+003,3.846398e+000
1.866478e+003,3.192260e+000
1.867442e+003,2.831400e+000
1.868406e+003,3.264341e+000
1.869371e+003,4.245700e+000
1.870335e+003,5.092554e+000
1.871299e+003,5.282946e+000
1.872263e+003,4.786577e+000
1.873228e+003,4.194862e+000
1.874192e+003,4.326331e+000
1.875156e+003,5.155491e+000
1.876120e+003,6.093811e+000
1.877085e+003,6.764375e+000
1.878049e+003,7.125559e+000
1.879013e+003,6.967087e+000
1.879977e+003,6.531909e+000
1.880942e+003,6.543590e+000
1.881906e+003,7.184110e+000
1.882870e+003,7.972626e+000
1.883834e+003,8.429390e+000
1.884798e+003,8.526228e+000
1.885763e+003,8.385708e+000
1.886727e+003,8.454461e+000
1.887691e+003,9.091457e+000
1.888655e+003,9.786003e+000
1.889620e+003,9.834669e+000
1.890584e+003,9.179656e+000
1.891548e+003,8.018169e+000
1.892512e+003,6.392469e+000
1.893477e+003,4.766534e+000
1.894441e+003,3.665169e+000
1.895405e+003,3.186354e+000
1.896369e+003,3.195086e+000
1.897333e+003,3.439870e+000
1.898298e+003,3.642395e+000
1.899262e+003,3.766351e+000
1.900226e+003,3.961749e+000
1.901190e+003,4.318770e+000
1.902155e+003,4.978825e+000
1.903119e+003,5.711835e+000
1.904083e+003,5.988968e+000
1.905047e+003,5.511221e+000
1.906012e+003,4.793539e+000
1.906976e+003,4.541586e+000
1.907940e+003,4.983572e+000
1.908904e+003,5.816418e+000
1.909869e+003,6.635672e+000
1.910833e+003,7.125970e+000
1.911797e+003,7.093634e+000
1.912761e+003,6.698918e+000
1.913725e+003,6.278246e+000
1.914690e+003,6.046477e+000
1.915654e+003,6.098323e+000
1.916618e+003,6.133992e+000
1.917582e+003,5.901186e+000
1.918547e+003,5.720937e+000
1.919511e+003,5.967369e+000
1.920475e+003,6.177006e+000
1.921439e+003,6.172637e+000
1.922404e+003,6.055210e+000
1.923368e+003,5.767410e+000
1.924332e+003,5.262142e+000
1.925296e+003,4.578769e+000
1.926260e+003,3.776118e+000
1.927225e+003,3.119384e+000
1.928189e+003,2.973040e+000
1.929153e+003,3.423043e+000
1.930117e+003,4.214112e+000
1.931082e+003,5.136038e+000
1.932046e+003,5.708406e+000
1.933010e+003,5.263988e+000
1.933974e+003,4.280288e+000
1.934939e+003,3.477342e+000
1.935903e+003,2.847591e+000
1.936867e+003,2.124513e+000
1.937831e+003,1.920878e+000
1.938796e+003,2.828198e+000
1.939760e+003,4.235400e+000
1.940724e+003,5.690985e+000
1.941688e+003,7.213002e+000
1.942652e+003,8.667526e+000
1.943617e+003,9.601631e+000
1.944581e+003,9.743507e+000
1.945545e+003,8.981728e+000
1.946509e+003,7.659415e+000
1.947474e+003,6.608317e+000
1.948438e+003,5.679255e+000
1.949402e+003,4.812347e+000
1.950366e+003,4.574857e+000
1.951331e+003,5.529989e+000
1.952295e+003,6.930080e+000
1.953259e+003,7.705617e+000
1.954223e+003,7.853204e+000
1.955188e+003,7.811677e+000
1.956152e+003,7.992620e+000
1.957116e+003,8.238254e+000
1.958080e+003,8.112587e+000
1.959044e+003,7.599206e+000
1.960009e+003,7.213320e+000
1.960973e+003,7.177114e+000
1.961937e+003,7.332962e+000
1.962901e+003,7.820859e+000
1.963866e+003,8.632763e+000
1.964830e+003,9.286487e+000
1.965794e+003,9.520947e+000
1.966758e+003,9.577209e+000
1.967723e+003,9.297049e+000
1.968687e+003,8.485821e+000
1.969651e+003,7.949458e+000
1.970615e+003,7.867163e+000
1.971579e+003,7.688906e+000
1.972544e+003,7.446799e+000
1.973508e+003,7.682300e+000
1.974472e+003,8.421534e+000
1.975436e+003,9.364128e+000
1.976401e+003,1.046570e+001
1.977365e+003,1.150399e+001
1.978329e+003,1.207831e+001
1.979293e+003,1.228372e+001
1.980258e+003,1.204318e+001
1.981222e+003,1.117525e+001
1.982186e+003,1.003991e+001
1.983150e+003,9.337948e+000
1.984115e+003,8.680119e+000
1.985079e+003,7.683753e+000
1.986043e+003,6.633863e+000
1.987007e+003,5.824499e+000
1.987971e+003,5.048456e+000
1.988936e+003,4.289161e+000
1.989900e+003,3.681605e+000
1.990864e+003,3.159565e+000
1.991828e+003,2.782737e+000
1.992793e+003,2.945689e+000
1.993757e+003,6.690307e-001
1.994721e+003,3.074952e+000
1.995685e+003,6.500482e+000
1.996650e+003,8.944444e+000
1.997614e+003,1.037153e+001
1.998578e+003,1.067217e+001
1.999542e+003,9.995889e+000
