5.001592e+002,5.131816e+002
5.011234e+002,5.216583e+002
5.020877e+002,5.325054e+002
5.030519e+002,5.491986e+002
5.040161e+002,5.614564e+002
5.049804e+002,5.664417e+002
5.059446e+002,5.684214e+002
5.069088e+002,5.715159e+002
5.078731e+002,5.749105e+002
5.088373e+002,5.783217e+002
5.098015e+002,5.806192e+002
5.107658e+002,5.814641e+002
5.117300e+002,5.803597e+002
5.126943e+002,5.767485e+002
5.136585e+002,5.703840e+002
5.146227e+002,5.612500e+002
5.155870e+002,5.495261e+002
5.165512e+002,5.354464e+002
5.175154e+002,5.192280e+002
5.184797e+002,5.012029e+002
5.194439e+002,4.820380e+002
5.204081e+002,4.627069e+002
5.213724e+002,4.440662e+002
5.223366e+002,4.264953e+002
5.233008e+002,4.088550e+002
5.242651e+002,3.909189e+002
5.252293e+002,3.726577e+002
5.261935e+002,3.539590e+002
5.271578e+002,3.351549e+002
5.281220e+002,3.167489e+002
5.290862e+002,2.990083e+002
5.300505e+002,2.818990e+002
5.310147e+002,2.652611e+002
5.319789e+002,2.489878e+002
5.329432e+002,2.331468e+002
5.339074e+002,2.178025e+002
5.348716e+002,2.027587e+002
5.358359e+002,1.881794e+002
5.368001e+002,1.740414e+002
5.377643e+002,1.601512e+002
5.387286e+002,1.464873e+002
5.396928e+002,1.328787e+002
5.406570e+002,1.194940e+002
5.416213e+002,1.066631e+002
5.425855e+002,9.475749e+001
5.435497e+002,8.415216e+001
5.445140e+002,7.511337e+001
5.454782e+002,6.770522e+001
5.464424e+002,6.203068e+001
5.474067e+002,5.789932e+001
5.483709e+002,5.467370e+001
5.493351e+002,5.209291e+001
5.502994e+002,5.036644e+001
5.512636e+002,4.973652e+001
5.522278e+002,4.984802e+001
5.531921e+002,4.977920e+001
5.541563e+002,4.898943e+001
5.551205e+002,4.763808e+001
5.560848e+002,4.612936e+001
5.570490e+002,4.473211e+001
5.580132e+002,4.359007e+001
5.589775e+002,4.264041e+001
5.599417e+002,4.177767e+001
5.609059e+002,4.086962e+001
5.618702e+002,3.985929e+001
5.628344e+002,3.900521e+001
5.637986e+002,3.857520e+001
5.647629e+002,3.852872e+001
5.657271e+002,3.851443e+001
5.666913e+002,3.832793e+001
5.676556e+002,3.793432e+001
5.686198e+002,3.741701e+001
5.695840e+002,3.677888e+001
5.705483e+002,3.598020e+001
5.715125e+002,3.513806e+001
5.724767e+002,3.428091e+001
5.734410e+002,3.334816e+001
5.744052e+002,3.239524e+001
5.753694e+002,3.164465e+001
5.763337e+002,3.132684e+001
5.772979e+002,3.170658e+001
5.782621e+002,3.303890e+001
5.792264e+002,3.531456e+001
5.801906e+002,3.802953e+001
5.811548e+002,4.054047e+001
5.821191e+002,4.289243e+001
5.830833e+002,4.556944e+001
5.840475e+002,4.879465e+001
5.850118e+002,5.242011e+001
5.859760e+002,5.621868e+001
5.869402e+002,6.026915e+001
5.879045e+002,6.492928e+001
5.888687e+002,7.049559e+001
5.898329e+002,7.823047e+001
5.907972e+002,8.950383e+001
5.917614e+002,1.051199e+002
5.927256e+002,1.258466e+002
5.936899e+002,1.516081e+002
5.946541e+002,1.816183e+002
5.956183e+002,2.152584e+002
5.965826e+002,2.511112e+002
5.975468e+002,2.862320e+002
5.985110e+002,3.172486e+002
5.994753e+002,3.415986e+002
6.004395e+002,3.576565e+002
6.014037e+002,3.647662e+002
6.023680e+002,3.632098e+002
6.033322e+002,3.547324e+002
6.042964e+002,3.411772e+002
6.052607e+002,3.253514e+002
6.062249e+002,3.102031e+002
6.071891e+002,2.977073e+002
6.081534e+002,2.888968e+002
6.091176e+002,2.841782e+002
6.100818e+002,2.828144e+002
6.110461e+002,2.833693e+002
6.120103e+002,2.847439e+002
6.129745e+002,2.862695e+002
6.139388e+002,2.871428e+002
6.149030e+002,2.864993e+002
6.158672e+002,2.835885e+002
6.168315e+002,2.782021e+002
6.177957e+002,2.711072e+002
6.187599e+002,2.634179e+002
6.197242e+002,2.559797e+002
6.206884e+002,2.497953e+002
6.216526e+002,2.453515e+002
6.226169e+002,2.423208e+002
6.235811e+002,2.402666e+002
6.245453e+002,2.388111e+002
6.255096e+002,2.376958e+002
6.264738e+002,2.368416e+002
6.274380e+002,2.361534e+002
6.284023e+002,2.354711e+002
6.293665e+002,2.345495e+002
6.303307e+002,2.332706e+002
6.312950e+002,2.319366e+002
6.322592e+002,2.305884e+002
6.332234e+002,2.294928e+002
6.341877e+002,2.288239e+002
6.351519e+002,2.288814e+002
6.361161e+002,2.297274e+002
6.370804e+002,2.308973e+002
6.380446e+002,2.317199e+002
6.390089e+002,2.319858e+002
6.399731e+002,2.322499e+002
6.409373e+002,2.331396e+002
6.419016e+002,2.347046e+002
6.428658e+002,2.364244e+002
6.438300e+002,2.375824e+002
6.447943e+002,2.376092e+002
6.457585e+002,2.360257e+002
6.467227e+002,2.326747e+002
6.476870e+002,2.278237e+002
6.486512e+002,2.220390e+002
6.496154e+002,2.154835e+002
6.505797e+002,2.078219e+002
6.515439e+002,1.991671e+002
6.525081e+002,1.900377e+002
6.534724e+002,1.812566e+002
6.544366e+002,1.728265e+002
6.554008e+002,1.643779e+002
6.563651e+002,1.561359e+002
6.573293e+002,1.486889e+002
6.582935e+002,1.425625e+002
6.592578e+002,1.375297e+002
6.602220e+002,1.331505e+002
6.611862e+002,1.292312e+002
6.621505e+002,1.257930e+002
6.631147e+002,1.229261e+002
6.640789e+002,1.204632e+002
6.650432e+002,1.179922e+002
6.660074e+002,1.151854e+002
6.669716e+002,1.118949e+002
6.679359e+002,1.077791e+002
6.689001e+002,1.028771e+002
6.698643e+002,9.771899e+001
6.708286e+002,9.270004e+001
6.717928e+002,8.930014e+001
6.727570e+002,8.772607e+001
6.737213e+002,8.878195e+001
6.746855e+002,9.365025e+001
6.756497e+002,1.029728e+002
6.766140e+002,1.156335e+002
6.775782e+002,1.299832e+002
6.785424e+002,1.439774e+002
6.795067e+002,1.555534e+002
6.804709e+002,1.630589e+002
6.814351e+002,1.654516e+002
6.823994e+002,1.620528e+002
6.833636e+002,1.527479e+002
6.843278e+002,1.385651e+002
6.852921e+002,1.219873e+002
6.862563e+002,1.046981e+002
6.872205e+002,8.899905e+001
6.881848e+002,7.666104e+001
6.891490e+002,6.794148e+001
6.901132e+002,6.191388e+001
6.910775e+002,5.811050e+001
6.920417e+002,5.576863e+001
6.930059e+002,5.407496e+001
6.939702e+002,5.249218e+001
6.949344e+002,5.094220e+001
6.958986e+002,4.910308e+001
6.968629e+002,4.653405e+001
6.978271e+002,4.341388e+001
6.987913e+002,4.066745e+001
6.997556e+002,3.951945e+001
7.007198e+002,4.052463e+001
7.016840e+002,4.349186e+001
7.026483e+002,4.773561e+001
7.036125e+002,5.258711e+001
7.045767e+002,5.751410e+001
7.055410e+002,6.196688e+001
7.065052e+002,6.505809e+001
7.074694e+002,6.604531e+001
7.084337e+002,6.476492e+001
7.093979e+002,6.092885e+001
7.103621e+002,5.478151e+001
7.113264e+002,4.779722e+001
7.122906e+002,4.184297e+001
7.132548e+002,3.783278e+001
7.142191e+002,3.577882e+001
7.151833e+002,3.542508e+001
7.161475e+002,3.645030e+001
7.171118e+002,3.824925e+001
7.180760e+002,4.029789e+001
7.190402e+002,4.220216e+001
7.200045e+002,4.325876e+001
7.209687e+002,4.286579e+001
7.219329e+002,4.080360e+001
7.228972e+002,3.739637e+001
7.238614e+002,3.378952e+001
7.248256e+002,3.100657e+001
7.257899e+002,2.919526e+001
7.267541e+002,2.806988e+001
7.277183e+002,2.741749e+001
7.286826e+002,2.698991e+001
7.296468e+002,2.656125e+001
7.306110e+002,2.621153e+001
7.315753e+002,2.607216e+001
7.325395e+002,2.607726e+001
7.335037e+002,2.577735e+001
7.344680e+002,2.469386e+001
7.354322e+002,2.304772e+001
7.363964e+002,2.164808e+001
7.373607e+002,2.114765e+001
7.383249e+002,2.145437e+001
7.392891e+002,2.221742e+001
7.402534e+002,2.318509e+001
7.412176e+002,2.405267e+001
7.421818e+002,2.468456e+001
7.431461e+002,2.524357e+001
7.441103e+002,2.609600e+001
7.450745e+002,2.742949e+001
7.460388e+002,2.931679e+001
7.470030e+002,3.179689e+001
7.479672e+002,3.492170e+001
7.489315e+002,3.888748e+001
7.498957e+002,4.346759e+001
7.508599e+002,4.816528e+001
7.518242e+002,5.265557e+001
7.527884e+002,5.711278e+001
7.537526e+002,6.159256e+001
7.547169e+002,6.617654e+001
7.556811e+002,7.112593e+001
7.566453e+002,7.651668e+001
7.576096e+002,8.208542e+001
7.585738e+002,8.742279e+001
7.595380e+002,9.291153e+001
7.605023e+002,9.898058e+001
7.614665e+002,1.056060e+002
7.624307e+002,1.123955e+002
7.633950e+002,1.187668e+002
7.643592e+002,1.240188e+002
7.653234e+002,1.275275e+002
7.662877e+002,1.294518e+002
7.672519e+002,1.302746e+002
7.682161e+002,1.304968e+002
7.691804e+002,1.301489e+002
7.701446e+002,1.287017e+002
7.711088e+002,1.257841e+002
7.720731e+002,1.216363e+002
7.730373e+002,1.172355e+002
7.740015e+002,1.130931e+002
7.749658e+002,1.092495e+002
7.759300e+002,1.056563e+002
7.768942e+002,1.017333e+002
7.778585e+002,9.679121e+001
7.788227e+002,9.067863e+001
7.797869e+002,8.405060e+001
7.807512e+002,7.769962e+001
7.817154e+002,7.229839e+001
7.826796e+002,6.814598e+001
7.836439e+002,6.471089e+001
7.846081e+002,6.153095e+001
7.855723e+002,5.854036e+001
7.865366e+002,5.604116e+001
7.875008e+002,5.434707e+001
7.884650e+002,5.349527e+001
7.894293e+002,5.330807e+001
7.903935e+002,5.310807e+001
7.913577e+002,5.249979e+001
7.923220e+002,5.132438e+001
7.932862e+002,4.966748e+001
7.942504e+002,4.788248e+001
7.952147e+002,4.651678e+001
7.961789e+002,4.567653e+001
7.971431e+002,4.478440e+001
7.981074e+002,4.365719e+001
7.990716e+002,4.267734e+001
8.000358e+002,4.238212e+001
8.010001e+002,4.278487e+001
8.019643e+002,4.363797e+001
8.029285e+002,4.485938e+001
8.038928e+002,4.638264e+001
8.048570e+002,4.812712e+001
8.058212e+002,4.940314e+001
8.067855e+002,4.978972e+001
8.077497e+002,4.956859e+001
8.087139e+002,4.921797e+001
8.096782e+002,4.908150e+001
8.106424e+002,4.915240e+001
8.116066e+002,4.943860e+001
8.125709e+002,4.981911e+001
8.135351e+002,5.003102e+001
8.144993e+002,4.976420e+001
8.154636e+002,4.899009e+001
8.164278e+002,4.792990e+001
8.173920e+002,4.668667e+001
8.183563e+002,4.505854e+001
8.193205e+002,4.241028e+001
8.202847e+002,3.884550e+001
8.212490e+002,3.505946e+001
8.222132e+002,3.151453e+001
8.231774e+002,2.826489e+001
8.241417e+002,2.525431e+001
8.251059e+002,2.269802e+001
8.260701e+002,2.068440e+001
8.270344e+002,1.907366e+001
8.279986e+002,1.750724e+001
8.289628e+002,1.584438e+001
8.299271e+002,1.429159e+001
8.308913e+002,1.296191e+001
8.318555e+002,1.188717e+001
8.328198e+002,1.107809e+001
8.337840e+002,1.054294e+001
8.347482e+002,1.007869e+001
8.357125e+002,9.489975e+000
8.366767e+002,8.831714e+000
8.376409e+002,8.387964e+000
8.386052e+002,8.398619e+000
8.395694e+002,8.554821e+000
8.405336e+002,8.370335e+000
8.414979e+002,7.605087e+000
8.424621e+002,6.450271e+000
8.434263e+002,5.347151e+000
8.443906e+002,4.674932e+000
8.453548e+002,4.680312e+000
8.463190e+002,5.176535e+000
8.472833e+002,5.894146e+000
8.482475e+002,6.480288e+000
8.492117e+002,6.806975e+000
8.501760e+002,6.987080e+000
8.511402e+002,6.976590e+000
8.521044e+002,6.450415e+000
8.530687e+002,5.322039e+000
8.540329e+002,4.107323e+000
8.549971e+002,3.354347e+000
8.559614e+002,3.004261e+000
8.569256e+002,2.845740e+000
8.578898e+002,2.987510e+000
8.588541e+002,3.508682e+000
8.598183e+002,4.171556e+000
8.607825e+002,4.825464e+000
8.617468e+002,5.300075e+000
8.627110e+002,5.507381e+000
8.636752e+002,5.492750e+000
8.646395e+002,5.217892e+000
8.656037e+002,4.696587e+000
8.665679e+002,4.314453e+000
8.675322e+002,4.437244e+000
8.684964e+002,5.152385e+000
8.694606e+002,6.023226e+000
8.704249e+002,6.421254e+000
8.713891e+002,6.115835e+000
8.723533e+002,5.228929e+000
8.733176e+002,4.139544e+000
8.742818e+002,3.093928e+000
8.752460e+002,2.134693e+000
8.762103e+002,1.364133e+000
8.771745e+002,9.478703e-001
8.781387e+002,9.673095e-001
8.791030e+002,1.416571e+000
8.800672e+002,2.190932e+000
8.810314e+002,3.304563e+000
8.819957e+002,4.707284e+000
8.829599e+002,6.038688e+000
8.839241e+002,6.785096e+000
8.848884e+002,6.927501e+000
8.858526e+002,6.729779e+000
8.868168e+002,6.722456e+000
8.877811e+002,7.154419e+000
8.887453e+002,7.928990e+000
8.897095e+002,8.731834e+000
8.906738e+002,9.252759e+000
8.916380e+002,9.735020e+000
8.926022e+002,1.045289e+001
8.935665e+002,1.128723e+001
8.945307e+002,1.194258e+001
8.954949e+002,1.211826e+001
8.964592e+002,1.173606e+001
8.974234e+002,1.081423e+001
8.983876e+002,9.685772e+000
8.993519e+002,8.741369e+000
9.003161e+002,8.445837e+000
9.012803e+002,8.914536e+000
9.022446e+002,9.942610e+000
9.032088e+002,1.103563e+001
9.041730e+002,1.187606e+001
9.051373e+002,1.270613e+001
9.061015e+002,1.363342e+001
9.070657e+002,1.448103e+001
9.080300e+002,1.489909e+001
9.089942e+002,1.468707e+001
9.099584e+002,1.377690e+001
9.109227e+002,1.208363e+001
9.118869e+002,9.786905e+000
9.128511e+002,7.255774e+000
9.138154e+002,4.819788e+000
9.147796e+002,2.718976e+000
9.157438e+002,1.263349e+000
9.167081e+002,5.001717e-001
9.176723e+002,2.504845e-001
9.186365e+002,3.641205e-001
9.196008e+002,8.424683e-001
9.205650e+002,1.597026e+000
9.215292e+002,2.375394e+000
9.224935e+002,3.080695e+000
9.234577e+002,3.693892e+000
9.244219e+002,4.083926e+000
9.253862e+002,4.088038e+000
9.263504e+002,3.811251e+000
9.273146e+002,3.373070e+000
9.282789e+002,2.898276e+000
9.292431e+002,2.628736e+000
9.302073e+002,2.768930e+000
9.311716e+002,3.224263e+000
9.321358e+002,3.747216e+000
9.331000e+002,4.238863e+000
9.340643e+002,4.648861e+000
9.350285e+002,5.014758e+000
9.359927e+002,5.489007e+000
9.369570e+002,6.100266e+000
9.379212e+002,6.685425e+000
9.388854e+002,7.199367e+000
9.398497e+002,7.819084e+000
9.408139e+002,8.620157e+000
9.417781e+002,9.428896e+000
9.427424e+002,1.026167e+001
9.437066e+002,1.120903e+001
9.446708e+002,1.215988e+001
9.456351e+002,1.297619e+001
9.465993e+002,1.376001e+001
9.475635e+002,1.460448e+001
9.485278e+002,1.536528e+001
9.494920e+002,1.591918e+001
9.504562e+002,1.620932e+001
9.514205e+002,1.633545e+001
9.523847e+002,1.656414e+001
9.533489e+002,1.708165e+001
9.543132e+002,1.785592e+001
9.552774e+002,1.865077e+001
9.562416e+002,1.944646e+001
9.572059e+002,2.026522e+001
9.581701e+002,2.124996e+001
9.591343e+002,2.259082e+001
9.600986e+002,2.457129e+001
9.610628e+002,2.724591e+001
9.620270e+002,3.046520e+001
9.629913e+002,3.422905e+001
9.639555e+002,3.847393e+001
9.649197e+002,4.315713e+001
9.658840e+002,4.819670e+001
9.668482e+002,5.333153e+001
9.678124e+002,5.814640e+001
9.687767e+002,6.218525e+001
9.697409e+002,6.536568e+001
9.707051e+002,6.779158e+001
9.716694e+002,6.916808e+001
9.726336e+002,6.902251e+001
9.735978e+002,6.720468e+001
9.745621e+002,6.421050e+001
9.755263e+002,6.074488e+001
9.764905e+002,5.684044e+001
9.774548e+002,5.229415e+001
9.784190e+002,4.736743e+001
9.793832e+002,4.279597e+001
9.803475e+002,3.912804e+001
9.813117e+002,3.630584e+001
9.822759e+002,3.431938e+001
9.832402e+002,3.332645e+001
9.842044e+002,3.318195e+001
9.851686e+002,3.327866e+001
9.861329e+002,3.343076e+001
9.870971e+002,3.388087e+001
9.880613e+002,3.503948e+001
9.890256e+002,3.680445e+001
9.899898e+002,3.852771e+001
9.909540e+002,4.011130e+001
9.919183e+002,4.199592e+001
9.928825e+002,4.484745e+001
9.938467e+002,4.882133e+001
9.948110e+002,5.351719e+001
9.957752e+002,5.868486e+001
9.967394e+002,6.418794e+001
9.977037e+002,6.966833e+001
9.986679e+002,7.487018e+001
9.996321e+002,7.989452e+001
1.000596e+003,8.479616e+001
1.001561e+003,8.944128e+001
1.002525e+003,9.458252e+001
1.003489e+003,1.009336e+002
1.004453e+003,1.083941e+002
1.005418e+003,1.165350e+002
1.006382e+003,1.248354e+002
1.007346e+003,1.323065e+002
1.008310e+003,1.379948e+002
1.009274e+003,1.414118e+002
1.010239e+003,1.422933e+002
1.011203e+003,1.404083e+002
1.012167e+003,1.359833e+002
1.013131e+003,1.296902e+002
1.014096e+003,1.218356e+002
1.015060e+003,1.128839e+002
1.016024e+003,1.044591e+002
1.016988e+003,9.762440e+001
1.017953e+003,9.252797e+001
1.018917e+003,8.878880e+001
1.019881e+003,8.578862e+001
1.020845e+003,8.302344e+001
1.021810e+003,8.048495e+001
1.022774e+003,7.827545e+001
1.023738e+003,7.609497e+001
1.024702e+003,7.373334e+001
1.025667e+003,7.135614e+001
1.026631e+003,6.887425e+001
1.027595e+003,6.623470e+001
1.028559e+003,6.407643e+001
1.029523e+003,6.351672e+001
1.030488e+003,6.400366e+001
1.031452e+003,6.468380e+001
1.032416e+003,6.487192e+001
1.033380e+003,6.442406e+001
1.034345e+003,6.350493e+001
1.035309e+003,6.227500e+001
1.036273e+003,6.039769e+001
1.037237e+003,5.802698e+001
1.038202e+003,5.585712e+001
1.039166e+003,5.386353e+001
1.040130e+003,5.078391e+001
1.041094e+003,4.600530e+001
1.042058e+003,4.104277e+001
1.043023e+003,3.661406e+001
1.043987e+003,3.221893e+001
1.044951e+003,2.815444e+001
1.045915e+003,2.490799e+001
1.046880e+003,2.229663e+001
1.047844e+003,2.020557e+001
1.048808e+003,1.890363e+001
1.049772e+003,1.859946e+001
1.050737e+003,1.971423e+001
1.051701e+003,2.179242e+001
1.052665e+003,2.321869e+001
1.053629e+003,2.302383e+001
1.054594e+003,2.171444e+001
1.055558e+003,2.089594e+001
1.056522e+003,2.049601e+001
1.057486e+003,2.037883e+001
1.058450e+003,2.048880e+001
1.059415e+003,2.061127e+001
1.060379e+003,2.038620e+001
1.061343e+003,1.994296e+001
1.062307e+003,1.955262e+001
1.063272e+003,1.934350e+001
1.064236e+003,1.924033e+001
1.065200e+003,1.886277e+001
1.066164e+003,1.815164e+001
1.067129e+003,1.767974e+001
1.068093e+003,1.774086e+001
1.069057e+003,1.809608e+001
1.070021e+003,1.835702e+001
1.070985e+003,1.844123e+001
1.071950e+003,1.844442e+001
1.072914e+003,1.849828e+001
1.073878e+003,1.871505e+001
1.074842e+003,1.897327e+001
1.075807e+003,1.912298e+001
1.076771e+003,1.897204e+001
1.077735e+003,1.826834e+001
1.078699e+003,1.684442e+001
1.079664e+003,1.496413e+001
1.080628e+003,1.317736e+001
1.081592e+003,1.206692e+001
1.082556e+003,1.182252e+001
1.083521e+003,1.231617e+001
1.084485e+003,1.335326e+001
1.085449e+003,1.501866e+001
1.086413e+003,1.750819e+001
1.087377e+003,2.061695e+001
1.088342e+003,2.382782e+001
1.089306e+003,2.669600e+001
1.090270e+003,2.885194e+001
1.091234e+003,3.011633e+001
1.092199e+003,3.058967e+001
1.093163e+003,3.043881e+001
1.094127e+003,2.982533e+001
1.095091e+003,2.901973e+001
1.096056e+003,2.828832e+001
1.097020e+003,2.718837e+001
1.097984e+003,2.516302e+001
1.098948e+003,2.239716e+001
1.099912e+003,1.956316e+001
1.100877e+003,1.704260e+001
1.101841e+003,1.479701e+001
1.102805e+003,1.280994e+001
1.103769e+003,1.114014e+001
1.104734e+003,9.862983e+000
1.105698e+003,9.076466e+000
1.106662e+003,8.878068e+000
1.107626e+003,9.334196e+000
1.108591e+003,1.045516e+001
1.109555e+003,1.204022e+001
1.110519e+003,1.334265e+001
1.111483e+003,1.397850e+001
1.112448e+003,1.419393e+001
1.113412e+003,1.433210e+001
1.114376e+003,1.442043e+001
1.115340e+003,1.430103e+001
1.116304e+003,1.400033e+001
1.117269e+003,1.360553e+001
1.118233e+003,1.317410e+001
1.119197e+003,1.274721e+001
1.120161e+003,1.245772e+001
1.121126e+003,1.243853e+001
1.122090e+003,1.264014e+001
1.123054e+003,1.269520e+001
1.124018e+003,1.246221e+001
1.124983e+003,1.228792e+001
1.125947e+003,1.246767e+001
1.126911e+003,1.296363e+001
1.127875e+003,1.362139e+001
1.128839e+003,1.442021e+001
1.129804e+003,1.550999e+001
1.130768e+003,1.687197e+001
1.131732e+003,1.814196e+001
1.132696e+003,1.886703e+001
1.133661e+003,1.910480e+001
1.134625e+003,1.918501e+001
1.135589e+003,1.908417e+001
1.136553e+003,1.855763e+001
1.137518e+003,1.783941e+001
1.138482e+003,1.764689e+001
1.139446e+003,1.845469e+001
1.140410e+003,2.019975e+001
1.141375e+003,2.260799e+001
1.142339e+003,2.564765e+001
1.143303e+003,2.950673e+001
1.144267e+003,3.404716e+001
1.145231e+003,3.872832e+001
1.146196e+003,4.320293e+001
1.147160e+003,4.756238e+001
1.148124e+003,5.181330e+001
1.149088e+003,5.556738e+001
1.150053e+003,5.875733e+001
1.151017e+003,6.159300e+001
1.151981e+003,6.389572e+001
1.152945e+003,6.521535e+001
1.153910e+003,6.511503e+001
1.154874e+003,6.378269e+001
1.155838e+003,6.164717e+001
1.156802e+003,5.915709e+001
1.157766e+003,5.655853e+001
1.158731e+003,5.380389e+001
1.159695e+003,5.079054e+001
1.160659e+003,4.752029e+001
1.161623e+003,4.426403e+001
1.162588e+003,4.131253e+001
1.163552e+003,3.905250e+001
1.164516e+003,3.746546e+001
1.165480e+003,3.605280e+001
1.166445e+003,3.477251e+001
1.167409e+003,3.377298e+001
1.168373e+003,3.298073e+001
1.169337e+003,3.206649e+001
1.170302e+003,3.130206e+001
1.171266e+003,3.139889e+001
1.172230e+003,3.223945e+001
1.173194e+003,3.326231e+001
1.174158e+003,3.436973e+001
1.175123e+003,3.597603e+001
1.176087e+003,3.827722e+001
1.177051e+003,4.186683e+001
1.178015e+003,4.737075e+001
1.178980e+003,5.500166e+001
1.179944e+003,6.455293e+001
1.180908e+003,7.536157e+001
1.181872e+003,8.701303e+001
1.182837e+003,9.937442e+001
1.183801e+003,1.129913e+002
1.184765e+003,1.280004e+002
1.185729e+003,1.433049e+002
1.186693e+003,1.575213e+002
1.187658e+003,1.699310e+002
1.188622e+003,1.800643e+002
1.189586e+003,1.875780e+002
1.190550e+003,1.925031e+002
1.191515e+003,1.945567e+002
1.192479e+003,1.934476e+002
1.193443e+003,1.897304e+002
1.194407e+003,1.839934e+002
1.195372e+003,1.764784e+002
1.196336e+003,1.671331e+002
1.197300e+003,1.565531e+002
1.198264e+003,1.452709e+002
1.199229e+003,1.336364e+002
1.200193e+003,1.220396e+002
1.201157e+003,1.109469e+002
1.202121e+003,1.003551e+002
1.203085e+003,9.016161e+001
1.204050e+003,8.034851e+001
1.205014e+003,7.105478e+001
1.205978e+003,6.280606e+001
1.206942e+003,5.628239e+001
1.207907e+003,5.124920e+001
1.208871e+003,4.694007e+001
1.209835e+003,4.288034e+001
1.210799e+003,3.924351e+001
1.211764e+003,3.635357e+001
1.212728e+003,3.443973e+001
1.213692e+003,3.304839e+001
1.214656e+003,3.158297e+001
1.215620e+003,2.983670e+001
1.216585e+003,2.787894e+001
1.217549e+003,2.590039e+001
1.218513e+003,2.396032e+001
1.219477e+003,2.215054e+001
1.220442e+003,2.060279e+001
1.221406e+003,1.939737e+001
1.222370e+003,1.858278e+001
1.223334e+003,1.831738e+001
1.224299e+003,1.873531e+001
1.225263e+003,1.954952e+001
1.226227e+003,2.039635e+001
1.227191e+003,2.095170e+001
1.228156e+003,2.151574e+001
1.229120e+003,2.228149e+001
1.230084e+003,2.304780e+001
1.231048e+003,2.369088e+001
1.232012e+003,2.417350e+001
1.232977e+003,2.461214e+001
1.233941e+003,2.526912e+001
1.234905e+003,2.645237e+001
1.235869e+003,2.796965e+001
1.236834e+003,2.957123e+001
1.237798e+003,3.106914e+001
1.238762e+003,3.246930e+001
1.239726e+003,3.413426e+001
1.240691e+003,3.672935e+001
1.241655e+003,4.033162e+001
1.242619e+003,4.397980e+001
1.243583e+003,4.687269e+001
1.244547e+003,4.890058e+001
1.245512e+003,5.022932e+001
1.246476e+003,5.113516e+001
1.247440e+003,5.208589e+001
1.248404e+003,5.320668e+001
1.249369e+003,5.383270e+001
1.250333e+003,5.348971e+001
1.251297e+003,5.255701e+001
1.252261e+003,5.169135e+001
1.253226e+003,5.119330e+001
1.254190e+003,5.112836e+001
1.255154e+003,5.097686e+001
1.256118e+003,5.034275e+001
1.257083e+003,4.925821e+001
1.258047e+003,4.807524e+001
1.259011e+003,4.714091e+001
1.259975e+003,4.663867e+001
1.260939e+003,4.652478e+001
1.261904e+003,4.645744e+001
1.262868e+003,4.604500e+001
1.263832e+003,4.519666e+001
1.264796e+003,4.448997e+001
1.265761e+003,4.442231e+001
1.266725e+003,4.464281e+001
1.267689e+003,4.423864e+001
1.268653e+003,4.298403e+001
1.269618e+003,4.158973e+001
1.270582e+003,4.056218e+001
1.271546e+003,3.991611e+001
1.272510e+003,3.959667e+001
1.273474e+003,3.923423e+001
1.274439e+003,3.822248e+001
1.275403e+003,3.640958e+001
1.276367e+003,3.482358e+001
1.277331e+003,3.456142e+001
1.278296e+003,3.504847e+001
1.279260e+003,3.545290e+001
1.280224e+003,3.512869e+001
1.281188e+003,3.400550e+001
1.282153e+003,3.261575e+001
1.283117e+003,3.131834e+001
1.284081e+003,3.017258e+001
1.285045e+003,2.893198e+001
1.286010e+003,2.745305e+001
1.286974e+003,2.552901e+001
1.287938e+003,2.319447e+001
1.288902e+003,2.101864e+001
1.289866e+003,2.001351e+001
1.290831e+003,2.017207e+001
1.291795e+003,2.020714e+001
1.292759e+003,1.992053e+001
1.293723e+003,1.962321e+001
1.294688e+003,1.948289e+001
1.295652e+003,1.946696e+001
1.296616e+003,1.979454e+001
1.297580e+003,2.084477e+001
1.298545e+003,2.214609e+001
1.299509e+003,2.333286e+001
1.300473e+003,2.433198e+001
1.301437e+003,2.520048e+001
1.302401e+003,2.591154e+001
1.303366e+003,2.634251e+001
1.304330e+003,2.650796e+001
1.305294e+003,2.659896e+001
1.306258e+003,2.680132e+001
1.307223e+003,2.711414e+001
1.308187e+003,2.768056e+001
1.309151e+003,2.892932e+001
1.310115e+003,3.124454e+001
1.311080e+003,3.443994e+001
1.312044e+003,3.778081e+001
1.313008e+003,4.102768e+001
1.313972e+003,4.447097e+001
1.314937e+003,4.820831e+001
1.315901e+003,5.224976e+001
1.316865e+003,5.660027e+001
1.317829e+003,6.120676e+001
1.318793e+003,6.551137e+001
1.319758e+003,6.905716e+001
1.320722e+003,7.158771e+001
1.321686e+003,7.296655e+001
1.322650e+003,7.304131e+001
1.323615e+003,7.177780e+001
1.324579e+003,6.936563e+001
1.325543e+003,6.615868e+001
1.326507e+003,6.262160e+001
1.327472e+003,5.954305e+001
1.328436e+003,5.734089e+001
1.329400e+003,5.662474e+001
1.330364e+003,5.778324e+001
1.331328e+003,6.047161e+001
1.332293e+003,6.384564e+001
1.333257e+003,6.770453e+001
1.334221e+003,7.303645e+001
1.335185e+003,8.012131e+001
1.336150e+003,8.780252e+001
1.337114e+003,9.482622e+001
1.338078e+003,1.004187e+002
1.339042e+003,1.040707e+002
1.340007e+003,1.055911e+002
1.340971e+003,1.051565e+002
1.341935e+003,1.028601e+002
1.342899e+003,9.867981e+001
1.343864e+003,9.246582e+001
1.344828e+003,8.457959e+001
1.345792e+003,7.577448e+001
1.346756e+003,6.715924e+001
1.347720e+003,6.007032e+001
1.348685e+003,5.437770e+001
1.349649e+003,4.959552e+001
1.350613e+003,4.570519e+001
1.351577e+003,4.252020e+001
1.352542e+003,3.985015e+001
1.353506e+003,3.775920e+001
1.354470e+003,3.622298e+001
1.355434e+003,3.518432e+001
1.356399e+003,3.471767e+001
1.357363e+003,3.502850e+001
1.358327e+003,3.655269e+001
1.359291e+003,3.955644e+001
1.360255e+003,4.306185e+001
1.361220e+003,4.597477e+001
1.362184e+003,4.867338e+001
1.363148e+003,5.218766e+001
1.364112e+003,5.655005e+001
1.365077e+003,6.043037e+001
1.366041e+003,6.314373e+001
1.367005e+003,6.493182e+001
1.367969e+003,6.621364e+001
1.368934e+003,6.739444e+001
1.369898e+003,6.850697e+001
1.370862e+003,6.963132e+001
1.371826e+003,7.095706e+001
1.372791e+003,7.240512e+001
1.373755e+003,7.296481e+001
1.374719e+003,7.262012e+001
1.375683e+003,7.171236e+001
1.376647e+003,7.019643e+001
1.377612e+003,6.777257e+001
1.378576e+003,6.403097e+001
1.379540e+003,5.948316e+001
1.380504e+003,5.493818e+001
1.381469e+003,5.064395e+001
1.382433e+003,4.630433e+001
1.383397e+003,4.179316e+001
1.384361e+003,3.765204e+001
1.385326e+003,3.442098e+001
1.386290e+003,3.200583e+001
1.387254e+003,2.999894e+001
1.388218e+003,2.820202e+001
1.389182e+003,2.619398e+001
1.390147e+003,2.418420e+001
1.391111e+003,2.270064e+001
1.392075e+003,2.207594e+001
1.393039e+003,2.228978e+001
1.394004e+003,2.321367e+001
1.394968e+003,2.465087e+001
1.395932e+003,2.642042e+001
1.396896e+003,2.841627e+001
1.397861e+003,3.049796e+001
1.398825e+003,3.251241e+001
1.399789e+003,3.444804e+001
1.400753e+003,3.658072e+001
1.401718e+003,3.885211e+001
1.402682e+003,4.116934e+001
1.403646e+003,4.324901e+001
1.404610e+003,4.472145e+001
1.405574e+003,4.533353e+001
1.406539e+003,4.560715e+001
1.407503e+003,4.588688e+001
1.408467e+003,4.606150e+001
1.409431e+003,4.592530e+001
1.410396e+003,4.523565e+001
1.411360e+003,4.373056e+001
1.412324e+003,4.180740e+001
1.413288e+003,4.038701e+001
1.414253e+003,3.988282e+001
1.415217e+003,3.965491e+001
1.416181e+003,3.932093e+001
1.417145e+003,3.861682e+001
1.418109e+003,3.744633e+001
1.419074e+003,3.605753e+001
1.420038e+003,3.512263e+001
1.421002e+003,3.455531e+001
1.421966e+003,3.403793e+001
1.422931e+003,3.344511e+001
1.423895e+003,3.284055e+001
1.424859e+003,3.242274e+001
1.425823e+003,3.230091e+001
1.426788e+003,3.232687e+001
1.427752e+003,3.254280e+001
1.428716e+003,3.301763e+001
1.429680e+003,3.382898e+001
1.430645e+003,3.479226e+001
1.431609e+003,3.578933e+001
1.432573e+003,3.692495e+001
1.433537e+003,3.828159e+001
1.434501e+003,3.982935e+001
1.435466e+003,4.145180e+001
1.436430e+003,4.315517e+001
1.437394e+003,4.516114e+001
1.438358e+003,4.712983e+001
1.439323e+003,4.798440e+001
1.440287e+003,4.707013e+001
1.441251e+003,4.553936e+001
1.442215e+003,4.422519e+001
1.443180e+003,4.336551e+001
1.444144e+003,4.302378e+001
1.445108e+003,4.310402e+001
1.446072e+003,4.319141e+001
1.447036e+003,4.311970e+001
1.448001e+003,4.311731e+001
1.448965e+003,4.333813e+001
1.449929e+003,4.385394e+001
1.450893e+003,4.469576e+001
1.451858e+003,4.492788e+001
1.452822e+003,4.361185e+001
1.453786e+003,4.113810e+001
1.454750e+003,3.896750e+001
1.455715e+003,3.753843e+001
1.456679e+003,3.677227e+001
1.457643e+003,3.646965e+001
1.458607e+003,3.613206e+001
1.459572e+003,3.536003e+001
1.460536e+003,3.447400e+001
1.461500e+003,3.388856e+001
1.462464e+003,3.353445e+001
1.463428e+003,3.314366e+001
1.464393e+003,3.253790e+001
1.465357e+003,3.129901e+001
1.466321e+003,2.945039e+001
1.467285e+003,2.744007e+001
1.468250e+003,2.556579e+001
1.469214e+003,2.396088e+001
1.470178e+003,2.269361e+001
1.471142e+003,2.174936e+001
1.472107e+003,2.102237e+001
1.473071e+003,2.033773e+001
1.474035e+003,1.944254e+001
1.474999e+003,1.822228e+001
1.475964e+003,1.707688e+001
1.476928e+003,1.634768e+001
1.477892e+003,1.595446e+001
1.478856e+003,1.578607e+001
1.479820e+003,1.578061e+001
1.480785e+003,1.585340e+001
1.481749e+003,1.614911e+001
1.482713e+003,1.693533e+001
1.483677e+003,1.824667e+001
1.484642e+003,1.981654e+001
1.485606e+003,2.140557e+001
1.486570e+003,2.263887e+001
1.487534e+003,2.325739e+001
1.488499e+003,2.357310e+001
1.489463e+003,2.420004e+001
1.490427e+003,2.509711e+001
1.491391e+003,2.565788e+001
1.492355e+003,2.586932e+001
1.493320e+003,2.629943e+001
1.494284e+003,2.724627e+001
1.495248e+003,2.834825e+001
1.496212e+003,2.913956e+001
1.497177e+003,2.955021e+001
1.498141e+003,2.949868e+001
1.499105e+003,2.923172e+001
1.500069e+003,2.912237e+001
1.501034e+003,2.930185e+001
1.501998e+003,2.935170e+001
1.502962e+003,2.906902e+001
1.503926e+003,2.849605e+001
1.504891e+003,2.774141e+001
1.505855e+003,2.731706e+001
1.506819e+003,2.778533e+001
1.507783e+003,2.852952e+001
1.508747e+003,2.855227e+001
1.509712e+003,2.766277e+001
1.510676e+003,2.649654e+001
1.511640e+003,2.538493e+001
1.512604e+003,2.449252e+001
1.513569e+003,2.387390e+001
1.514533e+003,2.324535e+001
1.515497e+003,2.214028e+001
1.516461e+003,2.111349e+001
1.517426e+003,2.096221e+001
1.518390e+003,2.156197e+001
1.519354e+003,2.243483e+001
1.520318e+003,2.328288e+001
1.521282e+003,2.383416e+001
1.522247e+003,2.405805e+001
1.523211e+003,2.415572e+001
1.524175e+003,2.428830e+001
1.525139e+003,2.414530e+001
1.526104e+003,2.326475e+001
1.527068e+003,2.201060e+001
1.528032e+003,2.096367e+001
1.528996e+003,2.043392e+001
1.529961e+003,2.072848e+001
1.530925e+003,2.181127e+001
1.531889e+003,2.290494e+001
1.532853e+003,2.359813e+001
1.533818e+003,2.398227e+001
1.534782e+003,2.431001e+001
1.535746e+003,2.461297e+001
1.536710e+003,2.502703e+001
1.537674e+003,2.527451e+001
1.538639e+003,2.494583e+001
1.539603e+003,2.435305e+001
1.540567e+003,2.490965e+001
1.541531e+003,2.724367e+001
1.542496e+003,3.060686e+001
1.543460e+003,3.461761e+001
1.544424e+003,3.990359e+001
1.545388e+003,4.720765e+001
1.546353e+003,5.608909e+001
1.547317e+003,6.562888e+001
1.548281e+003,7.553421e+001
1.549245e+003,8.586046e+001
1.550209e+003,9.586360e+001
1.551174e+003,1.030760e+002
1.552138e+003,1.064521e+002
1.553102e+003,1.069381e+002
1.554066e+003,1.055620e+002
1.555031e+003,1.017270e+002
1.555995e+003,9.459021e+001
1.556959e+003,8.516696e+001
1.557923e+003,7.520888e+001
1.558888e+003,6.575107e+001
1.559852e+003,5.673563e+001
1.560816e+003,4.852913e+001
1.561780e+003,4.203063e+001
1.562745e+003,3.745539e+001
1.563709e+003,3.382571e+001
1.564673e+003,2.984214e+001
1.565637e+003,2.610443e+001
1.566601e+003,2.353758e+001
1.567566e+003,2.185273e+001
1.568530e+003,2.015269e+001
1.569494e+003,1.828440e+001
1.570458e+003,1.694060e+001
1.571423e+003,1.621202e+001
1.572387e+003,1.559958e+001
1.573351e+003,1.492022e+001
1.574315e+003,1.465308e+001
1.575280e+003,1.543443e+001
1.576244e+003,1.656870e+001
1.577208e+003,1.746663e+001
1.578172e+003,1.791185e+001
1.579136e+003,1.793904e+001
1.580101e+003,1.775827e+001
1.581065e+003,1.769773e+001
1.582029e+003,1.794791e+001
1.582993e+003,1.866496e+001
1.583958e+003,1.994397e+001
1.584922e+003,2.162866e+001
1.585886e+003,2.352859e+001
1.586850e+003,2.540030e+001
1.587815e+003,2.734476e+001
1.588779e+003,2.931092e+001
1.589743e+003,3.053956e+001
1.590707e+003,3.121869e+001
1.591672e+003,3.179966e+001
1.592636e+003,3.271354e+001
1.593600e+003,3.450999e+001
1.594564e+003,3.759740e+001
1.595528e+003,4.215673e+001
1.596493e+003,4.810822e+001
1.597457e+003,5.536599e+001
1.598421e+003,6.382049e+001
1.599385e+003,7.272882e+001
1.600350e+003,8.086343e+001
1.601314e+003,8.753500e+001
1.602278e+003,9.245607e+001
1.603242e+003,9.537161e+001
1.604207e+003,9.611357e+001
1.605171e+003,9.465703e+001
1.606135e+003,9.105232e+001
1.607099e+003,8.551379e+001
1.608063e+003,7.848297e+001
1.609028e+003,7.064995e+001
1.609992e+003,6.251422e+001
1.610956e+003,5.451872e+001
1.611920e+003,4.695069e+001
1.612885e+003,3.995074e+001
1.613849e+003,3.374856e+001
1.614813e+003,2.866849e+001
1.615777e+003,2.467381e+001
1.616742e+003,2.125763e+001
1.617706e+003,1.809435e+001
1.618670e+003,1.566332e+001
1.619634e+003,1.435513e+001
1.620599e+003,1.381119e+001
1.621563e+003,1.364944e+001
1.622527e+003,1.350809e+001
1.623491e+003,1.307773e+001
1.624455e+003,1.241840e+001
1.625420e+003,1.177195e+001
1.626384e+003,1.122419e+001
1.627348e+003,1.084422e+001
1.628312e+003,1.065414e+001
1.629277e+003,1.016848e+001
1.630241e+003,9.034515e+000
1.631205e+003,7.552159e+000
1.632169e+003,6.399389e+000
1.633134e+003,5.572752e+000
1.634098e+003,4.444666e+000
1.635062e+003,3.239832e+000
1.636026e+003,2.299501e+000
1.636990e+003,1.637232e+000
1.637955e+003,1.341888e+000
1.638919e+003,1.514963e+000
1.639883e+003,2.050824e+000
1.640847e+003,2.800927e+000
1.641812e+003,3.675510e+000
1.642776e+003,4.557500e+000
1.643740e+003,5.140989e+000
1.644704e+003,5.214316e+000
1.645669e+003,4.777610e+000
1.646633e+003,3.916469e+000
1.647597e+003,2.784022e+000
1.648561e+003,1.827953e+000
1.649526e+003,1.385587e+000
1.650490e+003,1.525132e+000
1.651454e+003,2.052939e+000
1.652418e+003,2.589292e+000
1.653382e+003,2.976981e+000
1.654347e+003,3.480996e+000
1.655311e+003,4.237647e+000
1.656275e+003,5.051975e+000
1.657239e+003,5.475204e+000
1.658204e+003,5.496572e+000
1.659168e+003,5.315717e+000
1.660132e+003,4.912455e+000
1.661096e+003,4.187973e+000
1.662061e+003,3.258930e+000
1.663025e+003,2.719872e+000
1.663989e+003,2.816676e+000
1.664953e+003,3.095181e+000
1.665917e+003,3.059913e+000
1.666882e+003,2.971129e+000
1.667846e+003,3.306092e+000
1.668810e+003,3.963964e+000
1.669774e+003,4.702109e+000
1.670739e+003,5.503199e+000
1.671703e+003,6.641312e+000
1.672667e+003,7.823909e+000
1.673631e+003,8.331989e+000
1.674596e+003,8.192568e+000
1.675560e+003,8.005477e+000
1.676524e+003,8.119356e+000
1.677488e+003,8.155529e+000
1.678453e+003,7.870114e+000
1.679417e+003,7.445795e+000
1.680381e+003,7.169702e+000
1.681345e+003,7.040775e+000
1.682309e+003,6.896479e+000
1.683274e+003,6.949137e+000
1.684238e+003,7.451880e+000
1.685202e+003,8.208463e+000
1.686166e+003,8.360283e+000
1.687131e+003,7.864554e+000
1.688095e+003,7.710252e+000
1.689059e+003,8.396341e+000
1.690023e+003,9.667906e+000
1.690988e+003,1.107747e+001
1.691952e+003,1.231719e+001
1.692916e+003,1.325261e+001
1.693880e+003,1.356007e+001
1.694844e+003,1.297943e+001
1.695809e+003,1.230888e+001
1.696773e+003,1.293961e+001
1.697737e+003,1.411548e+001
1.698701e+003,1.468727e+001
1.699666e+003,1.437746e+001
1.700630e+003,1.387964e+001
1.701594e+003,1.380955e+001
1.702558e+003,1.437402e+001
1.703523e+003,1.537587e+001
1.704487e+003,1.627806e+001
1.705451e+003,1.654274e+001
1.706415e+003,1.606761e+001
1.707380e+003,1.491522e+001
1.708344e+003,1.372888e+001
1.709308e+003,1.366400e+001
1.710272e+003,1.501585e+001
1.711236e+003,1.655092e+001
1.712201e+003,1.774983e+001
1.713165e+003,1.875138e+001
1.714129e+003,1.993268e+001
1.715093e+003,2.171223e+001
1.716058e+003,2.429582e+001
1.717022e+003,2.748530e+001
1.717986e+003,3.079582e+001
1.718950e+003,3.363971e+001
1.719915e+003,3.560955e+001
1.720879e+003,3.813683e+001
1.721843e+003,4.201796e+001
1.722807e+003,4.659238e+001
1.723771e+003,5.096946e+001
1.724736e+003,5.486381e+001
1.725700e+003,5.776409e+001
1.726664e+003,6.018353e+001
1.727628e+003,6.296711e+001
1.728593e+003,6.609077e+001
1.729557e+003,6.861317e+001
1.730521e+003,7.013344e+001
1.731485e+003,7.049533e+001
1.732450e+003,6.960582e+001
1.733414e+003,6.804868e+001
1.734378e+003,6.726956e+001
1.735342e+003,6.686897e+001
1.736307e+003,6.573286e+001
1.737271e+003,6.325121e+001
1.738235e+003,5.948919e+001
1.739199e+003,5.502451e+001
1.740163e+003,5.104323e+001
1.741128e+003,4.762003e+001
1.742092e+003,4.395906e+001
1.743056e+003,3.963938e+001
1.744020e+003,3.532280e+001
1.744985e+003,3.154979e+001
1.745949e+003,2.852045e+001
1.746913e+003,2.626435e+001
1.747877e+003,2.462361e+001
1.748842e+003,2.345028e+001
1.749806e+003,2.245496e+001
1.750770e+003,2.127829e+001
1.751734e+003,2.002996e+001
1.752698e+003,1.932018e+001
1.753663e+003,1.898861e+001
1.754627e+003,1.852513e+001
1.755591e+003,1.794321e+001
1.756555e+003,1.760360e+001
1.757520e+003,1.765904e+001
1.758484e+003,1.783101e+001
1.759448e+003,1.825960e+001
1.760412e+003,1.931255e+001
1.761377e+003,2.088804e+001
1.762341e+003,2.252630e+001
1.763305e+003,2.411846e+001
1.764269e+003,2.607563e+001
1.765234e+003,2.868477e+001
1.766198e+003,3.178159e+001
1.767162e+003,3.474537e+001
1.768126e+003,3.767458e+001
1.769090e+003,4.070967e+001
1.770055e+003,4.370100e+001
1.771019e+003,4.634089e+001
1.771983e+003,4.808704e+001
1.772947e+003,4.870061e+001
1.773912e+003,4.849037e+001
1.774876e+003,4.748239e+001
1.775840e+003,4.529848e+001
1.776804e+003,4.165218e+001
1.777769e+003,3.709877e+001
1.778733e+003,3.247030e+001
1.779697e+003,2.811658e+001
1.780661e+003,2.381372e+001
1.781625e+003,1.976614e+001
1.782590e+003,1.647483e+001
1.783554e+003,1.411586e+001
1.784518e+003,1.244328e+001
1.785482e+003,1.086657e+001
1.786447e+003,9.221914e+000
1.787411e+003,7.949169e+000
1.788375e+003,7.228644e+000
1.789339e+003,6.692974e+000
1.790304e+003,5.874425e+000
1.791268e+003,5.114251e+000
1.792232e+003,4.807125e+000
1.793196e+003,4.544477e+000
1.794161e+003,3.899921e+000
1.795125e+003,3.328550e+000
1.796089e+003,3.400269e+000
1.797053e+003,3.839447e+000
1.798017e+003,4.250347e+000
1.798982e+003,4.479334e+000
1.799946e+003,4.620070e+000
1.800910e+003,4.468416e+000
1.801874e+003,4.026931e+000
1.802839e+003,3.502360e+000
1.803803e+003,2.969623e+000
1.804767e+003,2.352534e+000
1.805731e+003,1.705250e+000
1.806696e+003,1.102952e+000
1.807660e+003,7.895474e-001
1.808624e+003,9.181080e-001
1.809588e+003,1.187077e+000
1.810552e+003,1.534315e+000
1.811517e+003,2.281329e+000
1.812481e+003,3.398814e+000
1.813445e+003,4.463121e+000
1.814409e+003,5.050250e+000
1.815374e+003,5.200733e+000
1.816338e+003,5.207407e+000
1.817302e+003,5.226057e+000
1.818266e+003,5.133541e+000
1.819231e+003,5.402496e+000
1.820195e+003,6.237556e+000
1.821159e+003,7.109311e+000
1.822123e+003,7.464896e+000
1.823088e+003,7.208899e+000
1.824052e+003,6.594303e+000
1.825016e+003,6.199979e+000
1.825980e+003,6.116261e+000
1.826944e+003,5.966633e+000
1.827909e+003,5.471972e+000
1.828873e+003,4.527654e+000
1.829837e+003,3.027419e+000
1.830801e+003,1.452679e+000
1.831766e+003,7.241125e-001
1.832730e+003,1.534679e+000
1.833694e+003,3.264632e+000
1.834658e+003,4.827586e+000
1.835623e+003,5.437613e+000
1.836587e+003,4.817091e+000
1.837551e+003,3.955087e+000
1.838515e+003,3.768584e+000
1.839479e+003,4.036380e+000
1.840444e+003,4.119162e+000
1.841408e+003,3.758870e+000
1.842372e+003,3.034516e+000
1.843336e+003,2.088797e+000
1.844301e+003,1.550438e+000
1.845265e+003,1.887715e+000
1.846229e+003,2.808815e+000
1.847193e+003,3.736166e+000
1.848158e+003,4.289519e+000
1.849122e+003,4.162941e+000
1.850086e+003,3.643531e+000
1.851050e+003,3.606543e+000
1.852015e+003,3.616321e+000
1.852979e+003,3.218477e+000
1.853943e+003,2.651654e+000
1.854907e+003,2.278480e+000
1.855871e+003,2.172162e+000
1.856836e+003,2.272281e+000
1.857800e+003,2.456492e+000
1.858764e+003,2.662496e+000
1.859728e+003,2.878913e+000
1.860693e+003,3.093086e+000
1.861657e+003,3.255443e+000
1.862621e+003,3.329079e+000
1.863585e+003,3.567841e+000
1.864550e+003,4.432110e+000
1.865514e+003,5.084893e+000
1.866478e+003,4.871479e+000
1.867442e+003,4.352059e+000
1.868406e+003,4.148952e+000
1.869371e+003,4.295430e+000
1.870335e+003,4.498742e+000
1.871299e+003,4.640496e+000
1.872263e+003,4.848678e+000
1.873228e+003,5.090720e+000
1.874192e+003,5.088229e+000
1.875156e+003,4.813631e+000
1.876120e+003,4.569175e+000
1.877085e+003,4.772732e+000
1.878049e+003,5.419731e+000
1.879013e+003,5.444413e+000
1.879977e+003,4.908493e+000
1.880942e+003,4.734538e+000
1.881906e+003,4.952125e+000
1.882870e+003,4.947594e+000
1.883834e+003,4.739479e+000
1.884798e+003,4.632023e+000
1.885763e+003,4.545486e+000
1.886727e+003,4.102456e+000
1.887691e+003,3.151201e+000
1.888655e+003,1.886037e+000
1.889620e+003,8.427105e-001
1.890584e+003,4.292414e-001
1.891548e+003,4.557843e-001
1.892512e+003,2.454340e-001
1.893477e+003,2.058105e-001
1.894441e+003,9.953117e-001
1.895405e+003,2.183333e+000
1.896369e+003,3.045158e+000
1.897333e+003,3.678134e+000
1.898298e+003,4.222108e+000
1.899262e+003,4.542477e+000
1.900226e+003,4.600269e+000
1.901190e+003,4.554215e+000
1.902155e+003,4.487252e+000
1.903119e+003,4.726140e+000
1.904083e+003,5.503784e+000
1.905047e+003,6.457304e+000
1.906012e+003,6.602272e+000
1.906976e+003,6.309488e+000
1.907940e+003,6.383049e+000
1.908904e+003,6.428851e+000
1.909869e+003,5.869106e+000
1.910833e+003,4.683489e+000
1.911797e+003,3.538562e+000
1.912761e+003,2.691146e+000
1.913725e+003,1.956356e+000
1.914690e+003,1.055950e+000
1.915654e+003,2.348261e-001
1.916618e+003,0.000000e+000
1.917582e+003,5.717278e-001
1.918547e+003,1.558731e+000
1.919511e+003,2.121496e+000
1.920475e+003,2.285883e+000
1.921439e+003,2.692324e+000
1.922404e+003,3.459219e+000
1.923368e+003,4.169369e+000
1.924332e+003,4.395343e+000
1.925296e+003,4.453710e+000
1.926260e+003,4.367772e+000
1.927225e+003,3.949877e+000
1.928189e+003,3.352369e+000
1.929153e+003,3.089440e+000
1.930117e+003,3.232931e+000
1.931082e+003,3.625093e+000
1.932046e+003,4.250384e+000
1.933010e+003,5.090561e+000
1.933974e+003,6.070723e+000
1.934939e+003,7.219940e+000
1.935903e+003,8.348965e+000
1.936867e+003,8.994811e+000
1.937831e+003,8.809267e+000
1.938796e+003,7.901828e+000
1.939760e+003,6.778890e+000
1.940724e+003,5.840270e+000
1.941688e+003,5.069537e+000
1.942652e+003,4.159599e+000
1.943617e+003,3.078419e+000
1.944581e+003,2.019457e+000
1.945545e+003,1.371315e+000
1.946509e+003,1.480212e+000
1.947474e+003,2.247620e+000
1.948438e+003,3.422805e+000
1.949402e+003,4.655372e+000
1.950366e+003,5.707993e+000
1.951331e+003,6.448735e+000
1.952295e+003,6.786989e+000
1.953259e+003,7.090172e+000
1.954223e+003,7.543962e+000
1.955188e+003,7.825594e+000
1.956152e+003,7.599069e+000
1.957116e+003,7.029773e+000
1.958080e+003,6.414867e+000
1.959044e+003,5.963202e+000
1.960009e+003,5.337374e+000
1.960973e+003,4.282391e+000
1.961937e+003,3.519076e+000
1.962901e+003,3.273508e+000
1.963866e+003,3.061230e+000
1.964830e+003,2.515246e+000
1.965794e+003,2.250583e+000
1.966758e+003,2.758176e+000
1.967723e+003,3.777531e+000
1.968687e+003,4.693680e+000
1.969651e+003,5.290304e+000
1.970615e+003,5.626081e+000
1.971579e+003,5.922602e+000
1.972544e+003,6.074560e+000
1.973508e+003,5.799007e+000
1.974472e+003,5.505007e+000
1.975436e+003,5.743484e+000
1.976401e+003,6.083962e+000
1.977365e+003,6.085051e+000
1.978329e+003,5.982594e+000
1.979293e+003,6.486776e+000
1.980258e+003,7.353245e+000
1.981222e+003,7.832873e+000
1.982186e+003,7.551658e+000
1.983150e+003,6.842009e+000
1.984115e+003,6.143885e+000
1.985079e+003,5.531428e+000
1.986043e+003,4.735321e+000
1.987007e+003,3.825189e+000
1.987971e+003,3.382482e+000
1.988936e+003,3.303165e+000
1.989900e+003,3.296643e+000
1.990864e+003,3.346700e+000
1.991828e+003,3.483191e+000
1.992793e+003,3.744994e+000
1.993757e+003,8.913348e+000
1.994721e+003,7.061740e+000
1.995685e+003,3.610889e+000
1.996650e+003,1.949471e+000
1.997614e+003,1.492567e+000
1.998578e+003,1.618547e+000
1.999542e+003,2.097251e+000
