5.009136e+002,2.264230e+002
5.018779e+002,2.378936e+002
5.028421e+002,2.508209e+002
5.038063e+002,2.659867e+002
5.047706e+002,2.830046e+002
5.057348e+002,3.011070e+002
5.066990e+002,3.226518e+002
5.076633e+002,3.359406e+002
5.086275e+002,3.527986e+002
5.095917e+002,3.691505e+002
5.105560e+002,3.850946e+002
5.115202e+002,4.008821e+002
5.124844e+002,4.167320e+002
5.134487e+002,4.327637e+002
5.144129e+002,4.494222e+002
5.153771e+002,4.659851e+002
5.163414e+002,4.823292e+002
5.173056e+002,4.981429e+002
5.182698e+002,5.132133e+002
5.192341e+002,5.273577e+002
5.201983e+002,5.404818e+002
5.211625e+002,5.528933e+002
5.221268e+002,5.655909e+002
5.230910e+002,5.801622e+002
5.240552e+002,5.984283e+002
5.250195e+002,6.220881e+002
5.259837e+002,6.525128e+002
5.269479e+002,6.908035e+002
5.279122e+002,7.374885e+002
5.288764e+002,7.921387e+002
5.298406e+002,8.532569e+002
5.308049e+002,9.181572e+002
5.317691e+002,9.829664e+002
5.327333e+002,1.042727e+003
5.336976e+002,1.092266e+003
5.346618e+002,1.126958e+003
5.356260e+002,1.143203e+003
5.365903e+002,1.138708e+003
5.375545e+002,1.112646e+003
5.385187e+002,1.065806e+003
5.394830e+002,1.000663e+003
5.404472e+002,9.213876e+002
5.414114e+002,8.330245e+002
5.423757e+002,7.408633e+002
5.433399e+002,6.499857e+002
5.443041e+002,5.644891e+002
5.452684e+002,4.870128e+002
5.462326e+002,4.189207e+002
5.471968e+002,3.607333e+002
5.481611e+002,3.122291e+002
5.491253e+002,2.725210e+002
5.500895e+002,2.402016e+002
5.510538e+002,2.136069e+002
5.520180e+002,1.911589e+002
5.529822e+002,1.715557e+002
5.539465e+002,1.539268e+002
5.549107e+002,1.376684e+002
5.558749e+002,1.224904e+002
5.568392e+002,1.083566e+002
5.578034e+002,9.530354e+001
5.587676e+002,8.338380e+001
5.597319e+002,7.278209e+001
5.606961e+002,6.373541e+001
5.616603e+002,5.641722e+001
5.626246e+002,5.084910e+001
5.635888e+002,4.687442e+001
5.645530e+002,4.421495e+001
5.655173e+002,4.253693e+001
5.664815e+002,4.147227e+001
5.674457e+002,4.073346e+001
5.684100e+002,4.009238e+001
5.693742e+002,3.942760e+001
5.703384e+002,3.872335e+001
5.713027e+002,3.806654e+001
5.722669e+002,3.757813e+001
5.732311e+002,3.739102e+001
5.741954e+002,3.757069e+001
5.751596e+002,3.809187e+001
5.761238e+002,3.886986e+001
5.770881e+002,3.978607e+001
5.780523e+002,4.070629e+001
5.790165e+002,4.153501e+001
5.799808e+002,4.228880e+001
5.809450e+002,4.309101e+001
5.819092e+002,4.402359e+001
5.828735e+002,4.512907e+001
5.838377e+002,4.642453e+001
5.848019e+002,4.792911e+001
5.857662e+002,4.968137e+001
5.867304e+002,5.168677e+001
5.876946e+002,5.385828e+001
5.886589e+002,5.608087e+001
5.896231e+002,5.829474e+001
5.905873e+002,6.051926e+001
5.915516e+002,6.288149e+001
5.925158e+002,6.564897e+001
5.934800e+002,6.915791e+001
5.944443e+002,7.362373e+001
5.954085e+002,7.904238e+001
5.963727e+002,8.527711e+001
5.973370e+002,9.216088e+001
5.983012e+002,9.949612e+001
5.992654e+002,1.070329e+002
6.002297e+002,1.144747e+002
6.011939e+002,1.215569e+002
6.021581e+002,1.281486e+002
6.031224e+002,1.342618e+002
6.040866e+002,1.400306e+002
6.050508e+002,1.457135e+002
6.060151e+002,1.516008e+002
6.069793e+002,1.578277e+002
6.079435e+002,1.643006e+002
6.089078e+002,1.708218e+002
6.098720e+002,1.772613e+002
6.108362e+002,1.835668e+002
6.118005e+002,1.895335e+002
6.127647e+002,1.947987e+002
6.137289e+002,1.990853e+002
6.146932e+002,2.025354e+002
6.156574e+002,2.055526e+002
6.166216e+002,2.085694e+002
6.175859e+002,2.119369e+002
6.185501e+002,2.158608e+002
6.195143e+002,2.203116e+002
6.204786e+002,2.250055e+002
6.214428e+002,2.294960e+002
6.224070e+002,2.333103e+002
6.233713e+002,2.360193e+002
6.243355e+002,2.371072e+002
6.252997e+002,2.358920e+002
6.262640e+002,2.319210e+002
6.272282e+002,2.253570e+002
6.281924e+002,2.170698e+002
6.291567e+002,2.079667e+002
6.301209e+002,1.988292e+002
6.310851e+002,1.903155e+002
6.320494e+002,1.829474e+002
6.330136e+002,1.770526e+002
6.339778e+002,1.727551e+002
6.349421e+002,1.699664e+002
6.359063e+002,1.684069e+002
6.368705e+002,1.676355e+002
6.378348e+002,1.670710e+002
6.387990e+002,1.661427e+002
6.397632e+002,1.645306e+002
6.407275e+002,1.621929e+002
6.416917e+002,1.592255e+002
6.426559e+002,1.555885e+002
6.436202e+002,1.512897e+002
6.445844e+002,1.464678e+002
6.455486e+002,1.413291e+002
6.465129e+002,1.360386e+002
6.474771e+002,1.306956e+002
6.484413e+002,1.252936e+002
6.494056e+002,1.197116e+002
6.503698e+002,1.137854e+002
6.513340e+002,1.074000e+002
6.522983e+002,1.005346e+002
6.532625e+002,9.325979e+001
6.542267e+002,8.570924e+001
6.551910e+002,7.805807e+001
6.561552e+002,7.051058e+001
6.571194e+002,6.333278e+001
6.580837e+002,5.683755e+001
6.590479e+002,5.125709e+001
6.600121e+002,4.671095e+001
6.609764e+002,4.321631e+001
6.619406e+002,4.067284e+001
6.629048e+002,3.888328e+001
6.638691e+002,3.765613e+001
6.648333e+002,3.687768e+001
6.657975e+002,3.649460e+001
6.667618e+002,3.650503e+001
6.677260e+002,3.693877e+001
6.686902e+002,3.777386e+001
6.696545e+002,3.893819e+001
6.706187e+002,4.037585e+001
6.715829e+002,4.208134e+001
6.725472e+002,4.407026e+001
6.735114e+002,4.641920e+001
6.744756e+002,4.925785e+001
6.754399e+002,5.273048e+001
6.764041e+002,5.694839e+001
6.773683e+002,6.197127e+001
6.783326e+002,6.776621e+001
6.792968e+002,7.417537e+001
6.802610e+002,8.095483e+001
6.812253e+002,8.786125e+001
6.821895e+002,9.454271e+001
6.831537e+002,1.006560e+002
6.841180e+002,1.059488e+002
6.850822e+002,1.102595e+002
6.860464e+002,1.134462e+002
6.870107e+002,1.154382e+002
6.879749e+002,1.162821e+002
6.889391e+002,1.161236e+002
6.899034e+002,1.151444e+002
6.908676e+002,1.134833e+002
6.918318e+002,1.112010e+002
6.927961e+002,1.083745e+002
6.937603e+002,1.052339e+002
6.947245e+002,1.021749e+002
6.956888e+002,9.947374e+001
6.966530e+002,9.731997e+001
6.976172e+002,9.581376e+001
6.985815e+002,9.497906e+001
6.995457e+002,9.468285e+001
7.005099e+002,9.477390e+001
7.014742e+002,9.515331e+001
7.024384e+002,9.574758e+001
7.034026e+002,9.648212e+001
7.043669e+002,9.725551e+001
7.053311e+002,9.801349e+001
7.062953e+002,9.887537e+001
7.072596e+002,1.001013e+002
7.082238e+002,1.019220e+002
7.091880e+002,1.044655e+002
7.101523e+002,1.079002e+002
7.111165e+002,1.125550e+002
7.120807e+002,1.189140e+002
7.130450e+002,1.274315e+002
7.140092e+002,1.385939e+002
7.149734e+002,1.529592e+002
7.159377e+002,1.711200e+002
7.169019e+002,1.935541e+002
7.178661e+002,2.204501e+002
7.188304e+002,2.516664e+002
7.197946e+002,2.867100e+002
7.207589e+002,3.246730e+002
7.217231e+002,3.642228e+002
7.226873e+002,4.037816e+002
7.236516e+002,4.416409e+002
7.246158e+002,4.761741e+002
7.255800e+002,5.058904e+002
7.265443e+002,5.294792e+002
7.275085e+002,5.459363e+002
7.284727e+002,5.548004e+002
7.294370e+002,5.561753e+002
7.304012e+002,5.505460e+002
7.313654e+002,5.386975e+002
7.323297e+002,5.217381e+002
7.332939e+002,5.010319e+002
7.342581e+002,4.780020e+002
7.352224e+002,4.539181e+002
7.361866e+002,4.298657e+002
7.371508e+002,4.067056e+002
7.381151e+002,3.851483e+002
7.390793e+002,3.656428e+002
7.400435e+002,3.483019e+002
7.410078e+002,3.328592e+002
7.419720e+002,3.189806e+002
7.429362e+002,3.063384e+002
7.439005e+002,2.946161e+002
7.448647e+002,2.836080e+002
7.458289e+002,2.732443e+002
7.467932e+002,2.635468e+002
7.477574e+002,2.544899e+002
7.487216e+002,2.459483e+002
7.496859e+002,2.377525e+002
7.506501e+002,2.297374e+002
7.516143e+002,2.218241e+002
7.525786e+002,2.139456e+002
7.535428e+002,2.059593e+002
7.545070e+002,1.976321e+002
7.554713e+002,1.888297e+002
7.564355e+002,1.796065e+002
7.573997e+002,1.702069e+002
7.583639e+002,1.610225e+002
7.593281e+002,1.524830e+002
7.602924e+002,1.449877e+002
7.612566e+002,1.387220e+002
7.622208e+002,1.335931e+002
7.631851e+002,1.293297e+002
7.641493e+002,1.256669e+002
7.651135e+002,1.224468e+002
7.660778e+002,1.194931e+002
7.670420e+002,1.165138e+002
7.680062e+002,1.131973e+002
7.689705e+002,1.094273e+002
7.699347e+002,1.053838e+002
7.708989e+002,1.014194e+002
7.718632e+002,9.794473e+001
7.728274e+002,9.532356e+001
7.737916e+002,9.377767e+001
7.747559e+002,9.324856e+001
7.757201e+002,9.343576e+001
7.766843e+002,9.398517e+001
7.776486e+002,9.459180e+001
7.786128e+002,9.496768e+001
7.795770e+002,9.476836e+001
7.805413e+002,9.363329e+001
7.815055e+002,9.135393e+001
7.824697e+002,8.798386e+001
7.834340e+002,8.375045e+001
7.843982e+002,7.895580e+001
7.853624e+002,7.395464e+001
7.863267e+002,6.912396e+001
7.872909e+002,6.477637e+001
7.882551e+002,6.104854e+001
7.892194e+002,5.794296e+001
7.901836e+002,5.547816e+001
7.911478e+002,5.373923e+001
7.921121e+002,5.280785e+001
7.930763e+002,5.265921e+001
7.940405e+002,5.316682e+001
7.950048e+002,5.422676e+001
7.959690e+002,5.581105e+001
7.969332e+002,5.791076e+001
7.978975e+002,6.057448e+001
7.988617e+002,6.387471e+001
7.998259e+002,6.775903e+001
8.007902e+002,7.194653e+001
8.017544e+002,7.600603e+001
8.027186e+002,7.962716e+001
8.036829e+002,8.269827e+001
8.046471e+002,8.524910e+001
8.056113e+002,8.727059e+001
8.065756e+002,8.863535e+001
8.075398e+002,8.919330e+001
8.085040e+002,8.889059e+001
8.094683e+002,8.781303e+001
8.104325e+002,8.613709e+001
8.113967e+002,8.412209e+001
8.123610e+002,8.191907e+001
8.133252e+002,7.944154e+001
8.142894e+002,7.650665e+001
8.152537e+002,7.306235e+001
8.162179e+002,6.931100e+001
8.171821e+002,6.551337e+001
8.181464e+002,6.191087e+001
8.191106e+002,5.860218e+001
8.200748e+002,5.552210e+001
8.210391e+002,5.252165e+001
8.220033e+002,4.949244e+001
8.229675e+002,4.642177e+001
8.239318e+002,4.331658e+001
8.248960e+002,4.016038e+001
8.258602e+002,3.686797e+001
8.268245e+002,3.337611e+001
8.277887e+002,2.971236e+001
8.287529e+002,2.601014e+001
8.297172e+002,2.248770e+001
8.306814e+002,1.934306e+001
8.316456e+002,1.671156e+001
8.326099e+002,1.460505e+001
8.335741e+002,1.296268e+001
8.345383e+002,1.171100e+001
8.355026e+002,1.079557e+001
8.364668e+002,1.013733e+001
8.374310e+002,9.607140e+000
8.383953e+002,9.040867e+000
8.393595e+002,8.335266e+000
8.403237e+002,7.523150e+000
8.412880e+002,6.685937e+000
8.422522e+002,5.922417e+000
8.432164e+002,5.286787e+000
8.441807e+002,4.780012e+000
8.451449e+002,4.385872e+000
8.461091e+002,4.135922e+000
8.470734e+002,4.127852e+000
8.480376e+002,4.406881e+000
8.490018e+002,4.915530e+000
8.499661e+002,5.505342e+000
8.509303e+002,5.999427e+000
8.518945e+002,6.218897e+000
8.528588e+002,6.128703e+000
8.538230e+002,5.874998e+000
8.547872e+002,5.651899e+000
8.557515e+002,5.591736e+000
8.567157e+002,5.682024e+000
8.576799e+002,5.891531e+000
8.586442e+002,6.262025e+000
8.596084e+002,6.875819e+000
8.605726e+002,7.764045e+000
8.615369e+002,8.819737e+000
8.625011e+002,9.847618e+000
8.634653e+002,1.062724e+001
8.644296e+002,1.098521e+001
8.653938e+002,1.085721e+001
8.663580e+002,1.034816e+001
8.673223e+002,9.679179e+000
8.682865e+002,9.063100e+000
8.692507e+002,8.626019e+000
8.702150e+002,8.400175e+000
8.711792e+002,8.415651e+000
8.721434e+002,8.688862e+000
8.731077e+002,9.194902e+000
8.740719e+002,9.901761e+000
8.750361e+002,1.075934e+001
8.760004e+002,1.169018e+001
8.769646e+002,1.255290e+001
8.779288e+002,1.322699e+001
8.788931e+002,1.370718e+001
8.798573e+002,1.407319e+001
8.808215e+002,1.443868e+001
8.817858e+002,1.486469e+001
8.827500e+002,1.533719e+001
8.837142e+002,1.575097e+001
8.846785e+002,1.597255e+001
8.856427e+002,1.589677e+001
8.866069e+002,1.553789e+001
8.875712e+002,1.504790e+001
8.885354e+002,1.454179e+001
8.894996e+002,1.400178e+001
8.904639e+002,1.329019e+001
8.914281e+002,1.236726e+001
8.923923e+002,1.134532e+001
8.933566e+002,1.034257e+001
8.943208e+002,9.419995e+000
8.952850e+002,8.613321e+000
8.962493e+002,7.957995e+000
8.972135e+002,7.410375e+000
8.981777e+002,6.898837e+000
8.991420e+002,6.397855e+000
9.001062e+002,6.002973e+000
9.010704e+002,5.853410e+000
9.020347e+002,5.948267e+000
9.029989e+002,6.166733e+000
9.039631e+002,6.377153e+000
9.049274e+002,6.565724e+000
9.058916e+002,6.776184e+000
9.068558e+002,7.013807e+000
9.078201e+002,7.305545e+000
9.087843e+002,7.776388e+000
9.097485e+002,8.518742e+000
9.107128e+002,9.457083e+000
9.116770e+002,1.042830e+001
9.126412e+002,1.131620e+001
9.136055e+002,1.216129e+001
9.145697e+002,1.306506e+001
9.155339e+002,1.405031e+001
9.164982e+002,1.507557e+001
9.174624e+002,1.609163e+001
9.184266e+002,1.712685e+001
9.193909e+002,1.826372e+001
9.203551e+002,1.959423e+001
9.213193e+002,2.121689e+001
9.222836e+002,2.318052e+001
9.232478e+002,2.540071e+001
9.242120e+002,2.771108e+001
9.251763e+002,2.996288e+001
9.261405e+002,3.208376e+001
9.271047e+002,3.410204e+001
9.280690e+002,3.607090e+001
9.290332e+002,3.799172e+001
9.299974e+002,3.979204e+001
9.309617e+002,4.136633e+001
9.319259e+002,4.267941e+001
9.328901e+002,4.374947e+001
9.338544e+002,4.465393e+001
9.348186e+002,4.545949e+001
9.357828e+002,4.613671e+001
9.367471e+002,4.662535e+001
9.377113e+002,4.691712e+001
9.386755e+002,4.704118e+001
9.396398e+002,4.702914e+001
9.406040e+002,4.699392e+001
9.415682e+002,4.709416e+001
9.425325e+002,4.739412e+001
9.434967e+002,4.779140e+001
9.444609e+002,4.812133e+001
9.454252e+002,4.839138e+001
9.463894e+002,4.873899e+001
9.473536e+002,4.935435e+001
9.483179e+002,5.027734e+001
9.492821e+002,5.136407e+001
9.502463e+002,5.245114e+001
9.512106e+002,5.344368e+001
9.521748e+002,5.429902e+001
9.531390e+002,5.501965e+001
9.541033e+002,5.572108e+001
9.550675e+002,5.645818e+001
9.560317e+002,5.710246e+001
9.569960e+002,5.749490e+001
9.579602e+002,5.765656e+001
9.589244e+002,5.786541e+001
9.598887e+002,5.834329e+001
9.608529e+002,5.917442e+001
9.618171e+002,6.029226e+001
9.627814e+002,6.156198e+001
9.637456e+002,6.285786e+001
9.647098e+002,6.408528e+001
9.656741e+002,6.516713e+001
9.666383e+002,6.608495e+001
9.676025e+002,6.686201e+001
9.685668e+002,6.740180e+001
9.695310e+002,6.755178e+001
9.704952e+002,6.731026e+001
9.714595e+002,6.681760e+001
9.724237e+002,6.621901e+001
9.733879e+002,6.552760e+001
9.743522e+002,6.472929e+001
9.753164e+002,6.385609e+001
9.762806e+002,6.295596e+001
9.772449e+002,6.206159e+001
9.782091e+002,6.113276e+001
9.791733e+002,6.013473e+001
9.801376e+002,5.914287e+001
9.811018e+002,5.825223e+001
9.820660e+002,5.747691e+001
9.830303e+002,5.687603e+001
9.839945e+002,5.663398e+001
9.849587e+002,5.696836e+001
9.859230e+002,5.802427e+001
9.868872e+002,5.992323e+001
9.878514e+002,6.282719e+001
9.888157e+002,6.690813e+001
9.897799e+002,7.205603e+001
9.907441e+002,7.791477e+001
9.917084e+002,8.392005e+001
9.926726e+002,8.960469e+001
9.936368e+002,9.474072e+001
9.946011e+002,9.935196e+001
9.955653e+002,1.036263e+002
9.965295e+002,1.078396e+002
9.974938e+002,1.123062e+002
9.984580e+002,1.173553e+002
9.994222e+002,1.233553e+002
1.000386e+003,1.306965e+002
1.001351e+003,1.395495e+002
1.002315e+003,1.496237e+002
1.003279e+003,1.599724e+002
1.004243e+003,1.694746e+002
1.005208e+003,1.770463e+002
1.006172e+003,1.819074e+002
1.007136e+003,1.837290e+002
1.008100e+003,1.827005e+002
1.009065e+003,1.792558e+002
1.010029e+003,1.739243e+002
1.010993e+003,1.674519e+002
1.011957e+003,1.608653e+002
1.012922e+003,1.553405e+002
1.013886e+003,1.518288e+002
1.014850e+003,1.507941e+002
1.015814e+003,1.522587e+002
1.016778e+003,1.558905e+002
1.017743e+003,1.612448e+002
1.018707e+003,1.677998e+002
1.019671e+003,1.750491e+002
1.020635e+003,1.826546e+002
1.021600e+003,1.904763e+002
1.022564e+003,1.984817e+002
1.023528e+003,2.067619e+002
1.024492e+003,2.155952e+002
1.025457e+003,2.253770e+002
1.026421e+003,2.364859e+002
1.027385e+003,2.491904e+002
1.028349e+003,2.636967e+002
1.029313e+003,2.801442e+002
1.030278e+003,2.985745e+002
1.031242e+003,3.189309e+002
1.032206e+003,3.411587e+002
1.033170e+003,3.652220e+002
1.034135e+003,3.913991e+002
1.035099e+003,4.201329e+002
1.036063e+003,4.517688e+002
1.037027e+003,4.864409e+002
1.037992e+003,5.241752e+002
1.038956e+003,5.649789e+002
1.039920e+003,6.089260e+002
1.040884e+003,6.561125e+002
1.041849e+003,7.066571e+002
1.042813e+003,7.605994e+002
1.043777e+003,8.179463e+002
1.044741e+003,8.788231e+002
1.045705e+003,9.437550e+002
1.046670e+003,1.013479e+003
1.047634e+003,1.088823e+003
1.048598e+003,1.169873e+003
1.049562e+003,1.255718e+003
1.050527e+003,1.344899e+003
1.051491e+003,1.435477e+003
1.052455e+003,1.525081e+003
1.053419e+003,1.610911e+003
1.054384e+003,1.689682e+003
1.055348e+003,1.757922e+003
1.056312e+003,1.812264e+003
1.057276e+003,1.849988e+003
1.058240e+003,1.869658e+003
1.059205e+003,1.871414e+003
1.060169e+003,1.856434e+003
1.061133e+003,1.826561e+003
1.062097e+003,1.783943e+003
1.063062e+003,1.731414e+003
1.064026e+003,1.672633e+003
1.064990e+003,1.611449e+003
1.065954e+003,1.551796e+003
1.066919e+003,1.497248e+003
1.067883e+003,1.450789e+003
1.068847e+003,1.414871e+003
1.069811e+003,1.391274e+003
1.070776e+003,1.381042e+003
1.071740e+003,1.384330e+003
1.072704e+003,1.400049e+003
1.073668e+003,1.425542e+003
1.074632e+003,1.456643e+003
1.075597e+003,1.488089e+003
1.076561e+003,1.514584e+003
1.077525e+003,1.531348e+003
1.078489e+003,1.534802e+003
1.079454e+003,1.523352e+003
1.080418e+003,1.497480e+003
1.081382e+003,1.459894e+003
1.082346e+003,1.415347e+003
1.083311e+003,1.369573e+003
1.084275e+003,1.328413e+003
1.085239e+003,1.296759e+003
1.086203e+003,1.277515e+003
1.087167e+003,1.271035e+003
1.088132e+003,1.274863e+003
1.089096e+003,1.284062e+003
1.090060e+003,1.292406e+003
1.091024e+003,1.293300e+003
1.091989e+003,1.280905e+003
1.092953e+003,1.251022e+003
1.093917e+003,1.201541e+003
1.094881e+003,1.132825e+003
1.095846e+003,1.047702e+003
1.096810e+003,9.506405e+002
1.097774e+003,8.472405e+002
1.098738e+003,7.432924e+002
1.099703e+003,6.438851e+002
1.100667e+003,5.529112e+002
1.101631e+003,4.727586e+002
1.102595e+003,4.043030e+002
1.103559e+003,3.473939e+002
1.104524e+003,3.010845e+002
1.105488e+003,2.638375e+002
1.106452e+003,2.338588e+002
1.107416e+003,2.093334e+002
1.108381e+003,1.887908e+002
1.109345e+003,1.712310e+002
1.110309e+003,1.559976e+002
1.111273e+003,1.427583e+002
1.112238e+003,1.313117e+002
1.113202e+003,1.214841e+002
1.114166e+003,1.130705e+002
1.115130e+003,1.058750e+002
1.116094e+003,9.976463e+001
1.117059e+003,9.469830e+001
1.118023e+003,9.055361e+001
1.118987e+003,8.703112e+001
1.119951e+003,8.385880e+001
1.120916e+003,8.081466e+001
1.121880e+003,7.775517e+001
1.122844e+003,7.461649e+001
1.123808e+003,7.143208e+001
1.124773e+003,6.828619e+001
1.125737e+003,6.527831e+001
1.126701e+003,6.248675e+001
1.127665e+003,5.996720e+001
1.128630e+003,5.780731e+001
1.129594e+003,5.609413e+001
1.130558e+003,5.481472e+001
1.131522e+003,5.385038e+001
1.132486e+003,5.306121e+001
1.133451e+003,5.237262e+001
1.134415e+003,5.171468e+001
1.135379e+003,5.104468e+001
1.136343e+003,5.040345e+001
1.137308e+003,4.986299e+001
1.138272e+003,4.946566e+001
1.139236e+003,4.921459e+001
1.140200e+003,4.909916e+001
1.141165e+003,4.914364e+001
1.142129e+003,4.935165e+001
1.143093e+003,4.967637e+001
1.144057e+003,5.004131e+001
1.145021e+003,5.040805e+001
1.145986e+003,5.080325e+001
1.146950e+003,5.131572e+001
1.147914e+003,5.206368e+001
1.148878e+003,5.312126e+001
1.149843e+003,5.449724e+001
1.150807e+003,5.611519e+001
1.151771e+003,5.788412e+001
1.152735e+003,5.971870e+001
1.153700e+003,6.152477e+001
1.154664e+003,6.318354e+001
1.155628e+003,6.456759e+001
1.156592e+003,6.561311e+001
1.157557e+003,6.627580e+001
1.158521e+003,6.652116e+001
1.159485e+003,6.643068e+001
1.160449e+003,6.622319e+001
1.161413e+003,6.623097e+001
1.162378e+003,6.688226e+001
1.163342e+003,6.884683e+001
1.164306e+003,7.305896e+001
1.165270e+003,8.061625e+001
1.166235e+003,9.259956e+001
1.167199e+003,1.099303e+002
1.168163e+003,1.332297e+002
1.169127e+003,1.628673e+002
1.170092e+003,1.986405e+002
1.171056e+003,2.394206e+002
1.172020e+003,2.832231e+002
1.172984e+003,3.275251e+002
1.173948e+003,3.695450e+002
1.174913e+003,4.065330e+002
1.175877e+003,4.359582e+002
1.176841e+003,4.558339e+002
1.177805e+003,4.648875e+002
1.178770e+003,4.626586e+002
1.179734e+003,4.495892e+002
1.180698e+003,4.269981e+002
1.181662e+003,3.969509e+002
1.182627e+003,3.621497e+002
1.183591e+003,3.252432e+002
1.184555e+003,2.885017e+002
1.185519e+003,2.538839e+002
1.186484e+003,2.229829e+002
1.187448e+003,1.969064e+002
1.188412e+003,1.761078e+002
1.189376e+003,1.603513e+002
1.190340e+003,1.489881e+002
1.191305e+003,1.410716e+002
1.192269e+003,1.354966e+002
1.193233e+003,1.312047e+002
1.194197e+003,1.273109e+002
1.195162e+003,1.231871e+002
1.196126e+003,1.184367e+002
1.197090e+003,1.127818e+002
1.198054e+003,1.061899e+002
1.199019e+003,9.891202e+001
1.199983e+003,9.123965e+001
1.200947e+003,8.344496e+001
1.201911e+003,7.576905e+001
1.202875e+003,6.851788e+001
1.203840e+003,6.203981e+001
1.204804e+003,5.652500e+001
1.205768e+003,5.199285e+001
1.206732e+003,4.841154e+001
1.207697e+003,4.569441e+001
1.208661e+003,4.368008e+001
1.209625e+003,4.214487e+001
1.210589e+003,4.091455e+001
1.211554e+003,3.984367e+001
1.212518e+003,3.875210e+001
1.213482e+003,3.745653e+001
1.214446e+003,3.592250e+001
1.215411e+003,3.426790e+001
1.216375e+003,3.274361e+001
1.217339e+003,3.157201e+001
1.218303e+003,3.083929e+001
1.219267e+003,3.054164e+001
1.220232e+003,3.066237e+001
1.221196e+003,3.110230e+001
1.222160e+003,3.173199e+001
1.223124e+003,3.252290e+001
1.224089e+003,3.352061e+001
1.225053e+003,3.467726e+001
1.226017e+003,3.583521e+001
1.226981e+003,3.687110e+001
1.227946e+003,3.783490e+001
1.228910e+003,3.883854e+001
1.229874e+003,3.995043e+001
1.230838e+003,4.112215e+001
1.231802e+003,4.221036e+001
1.232767e+003,4.302346e+001
1.233731e+003,4.337813e+001
1.234695e+003,4.314570e+001
1.235659e+003,4.236278e+001
1.236624e+003,4.128435e+001
1.237588e+003,4.017783e+001
1.238552e+003,3.914021e+001
1.239516e+003,3.815531e+001
1.240481e+003,3.728922e+001
1.241445e+003,3.679974e+001
1.242409e+003,3.682157e+001
1.243373e+003,3.735015e+001
1.244338e+003,3.833711e+001
1.245302e+003,3.965031e+001
1.246266e+003,4.105379e+001
1.247230e+003,4.233501e+001
1.248194e+003,4.345652e+001
1.249159e+003,4.448675e+001
1.250123e+003,4.550502e+001
1.251087e+003,4.648927e+001
1.252051e+003,4.727771e+001
1.253016e+003,4.767292e+001
1.253980e+003,4.760792e+001
1.254944e+003,4.717735e+001
1.255908e+003,4.648523e+001
1.256873e+003,4.574587e+001
1.257837e+003,4.516687e+001
1.258801e+003,4.479451e+001
1.259765e+003,4.464159e+001
1.260729e+003,4.482568e+001
1.261694e+003,4.556724e+001
1.262658e+003,4.697533e+001
1.263622e+003,4.902574e+001
1.264586e+003,5.161011e+001
1.265551e+003,5.453098e+001
1.266515e+003,5.757635e+001
1.267479e+003,6.066834e+001
1.268443e+003,6.390837e+001
1.269408e+003,6.744056e+001
1.270372e+003,7.129437e+001
1.271336e+003,7.534559e+001
1.272300e+003,7.943958e+001
1.273265e+003,8.349574e+001
1.274229e+003,8.740693e+001
1.275193e+003,9.098903e+001
1.276157e+003,9.399371e+001
1.277121e+003,9.620515e+001
1.278086e+003,9.746543e+001
1.279050e+003,9.764281e+001
1.280014e+003,9.669588e+001
1.280978e+003,9.477115e+001
1.281943e+003,9.215123e+001
1.282907e+003,8.906608e+001
1.283871e+003,8.561719e+001
1.284835e+003,8.196416e+001
1.285800e+003,7.834483e+001
1.286764e+003,7.495483e+001
1.287728e+003,7.185903e+001
1.288692e+003,6.904086e+001
1.289656e+003,6.646739e+001
1.290621e+003,6.405716e+001
1.291585e+003,6.167236e+001
1.292549e+003,5.913144e+001
1.293513e+003,5.629697e+001
1.294478e+003,5.314443e+001
1.295442e+003,4.972916e+001
1.296406e+003,4.614335e+001
1.297370e+003,4.253809e+001
1.298335e+003,3.913979e+001
1.299299e+003,3.614383e+001
1.300263e+003,3.367457e+001
1.301227e+003,3.181567e+001
1.302192e+003,3.060390e+001
1.303156e+003,3.000165e+001
1.304120e+003,2.985961e+001
1.305084e+003,2.999315e+001
1.306048e+003,3.014101e+001
1.307013e+003,3.006477e+001
1.307977e+003,2.967258e+001
1.308941e+003,2.900813e+001
1.309905e+003,2.819876e+001
1.310870e+003,2.740399e+001
1.311834e+003,2.672462e+001
1.312798e+003,2.615137e+001
1.313762e+003,2.567197e+001
1.314727e+003,2.537888e+001
1.315691e+003,2.541648e+001
1.316655e+003,2.587453e+001
1.317619e+003,2.674269e+001
1.318583e+003,2.792810e+001
1.319548e+003,2.920556e+001
1.320512e+003,3.041887e+001
1.321476e+003,3.160992e+001
1.322440e+003,3.287851e+001
1.323405e+003,3.422004e+001
1.324369e+003,3.551881e+001
1.325333e+003,3.659314e+001
1.326297e+003,3.728348e+001
1.327262e+003,3.761534e+001
1.328226e+003,3.779321e+001
1.329190e+003,3.805453e+001
1.330154e+003,3.854308e+001
1.331119e+003,3.933429e+001
1.332083e+003,4.046902e+001
1.333047e+003,4.196785e+001
1.334011e+003,4.392102e+001
1.334975e+003,4.647231e+001
1.335940e+003,4.960258e+001
1.336904e+003,5.308346e+001
1.337868e+003,5.663392e+001
1.338832e+003,5.992954e+001
1.339797e+003,6.265547e+001
1.340761e+003,6.457031e+001
1.341725e+003,6.553339e+001
1.342689e+003,6.549772e+001
1.343654e+003,6.451700e+001
1.344618e+003,6.275063e+001
1.345582e+003,6.041070e+001
1.346546e+003,5.774145e+001
1.347510e+003,5.501467e+001
1.348475e+003,5.248732e+001
1.349439e+003,5.035239e+001
1.350403e+003,4.880328e+001
1.351367e+003,4.794850e+001
1.352332e+003,4.758255e+001
1.353296e+003,4.737659e+001
1.354260e+003,4.715887e+001
1.355224e+003,4.695822e+001
1.356189e+003,4.682350e+001
1.357153e+003,4.671421e+001
1.358117e+003,4.654352e+001
1.359081e+003,4.626602e+001
1.360046e+003,4.589810e+001
1.361010e+003,4.549133e+001
1.361974e+003,4.512075e+001
1.362938e+003,4.496885e+001
1.363902e+003,4.527113e+001
1.364867e+003,4.605981e+001
1.365831e+003,4.708266e+001
1.366795e+003,4.814999e+001
1.367759e+003,4.930814e+001
1.368724e+003,5.059290e+001
1.369688e+003,5.186913e+001
1.370652e+003,5.290606e+001
1.371616e+003,5.362402e+001
1.372581e+003,5.411373e+001
1.373545e+003,5.450742e+001
1.374509e+003,5.493616e+001
1.375473e+003,5.556773e+001
1.376438e+003,5.668180e+001
1.377402e+003,5.850807e+001
1.378366e+003,6.094091e+001
1.379330e+003,6.360399e+001
1.380294e+003,6.614699e+001
1.381259e+003,6.830565e+001
1.382223e+003,6.980936e+001
1.383187e+003,7.045695e+001
1.384151e+003,7.014684e+001
1.385116e+003,6.885951e+001
1.386080e+003,6.661780e+001
1.387044e+003,6.354121e+001
1.388008e+003,5.991238e+001
1.388973e+003,5.612399e+001
1.389937e+003,5.257812e+001
1.390901e+003,4.952530e+001
1.391865e+003,4.695424e+001
1.392829e+003,4.478799e+001
1.393794e+003,4.301187e+001
1.394758e+003,4.163040e+001
1.395722e+003,4.060705e+001
1.396686e+003,3.986608e+001
1.397651e+003,3.923632e+001
1.398615e+003,3.840808e+001
1.399579e+003,3.719405e+001
1.400543e+003,3.573818e+001
1.401508e+003,3.437459e+001
1.402472e+003,3.332667e+001
1.403436e+003,3.265275e+001
1.404400e+003,3.237911e+001
1.405365e+003,3.253865e+001
1.406329e+003,3.314777e+001
1.407293e+003,3.412080e+001
1.408257e+003,3.528675e+001
1.409221e+003,3.641851e+001
1.410186e+003,3.728883e+001
1.411150e+003,3.768428e+001
1.412114e+003,3.744242e+001
1.413078e+003,3.671168e+001
1.414043e+003,3.598683e+001
1.415007e+003,3.566312e+001
1.415971e+003,3.579243e+001
1.416935e+003,3.627659e+001
1.417900e+003,3.707787e+001
1.418864e+003,3.815629e+001
1.419828e+003,3.944035e+001
1.420792e+003,4.084641e+001
1.421756e+003,4.228630e+001
1.422721e+003,4.363651e+001
1.423685e+003,4.481461e+001
1.424649e+003,4.589774e+001
1.425613e+003,4.711452e+001
1.426578e+003,4.885560e+001
1.427542e+003,5.152036e+001
1.428506e+003,5.514940e+001
1.429470e+003,5.948566e+001
1.430435e+003,6.428730e+001
1.431399e+003,6.943030e+001
1.432363e+003,7.481181e+001
1.433327e+003,8.033163e+001
1.434292e+003,8.581938e+001
1.435256e+003,9.089993e+001
1.436220e+003,9.513699e+001
1.437184e+003,9.834399e+001
1.438148e+003,1.006646e+002
1.439113e+003,1.022995e+002
1.440077e+003,1.034224e+002
1.441041e+003,1.041416e+002
1.442005e+003,1.044517e+002
1.442970e+003,1.043626e+002
1.443934e+003,1.040471e+002
1.444898e+003,1.037100e+002
1.445862e+003,1.034469e+002
1.446827e+003,1.031832e+002
1.447791e+003,1.026789e+002
1.448755e+003,1.015142e+002
1.449719e+003,9.940103e+001
1.450683e+003,9.635480e+001
1.451648e+003,9.255046e+001
1.452612e+003,8.812875e+001
1.453576e+003,8.326847e+001
1.454540e+003,7.810242e+001
1.455505e+003,7.274754e+001
1.456469e+003,6.747899e+001
1.457433e+003,6.278457e+001
1.458397e+003,5.918197e+001
1.459362e+003,5.714725e+001
1.460326e+003,5.698180e+001
1.461290e+003,5.876276e+001
1.462254e+003,6.232745e+001
1.463219e+003,6.741420e+001
1.464183e+003,7.364463e+001
1.465147e+003,8.048184e+001
1.466111e+003,8.725163e+001
1.467075e+003,9.318846e+001
1.468040e+003,9.738416e+001
1.469004e+003,9.912440e+001
1.469968e+003,9.816701e+001
1.470932e+003,9.468372e+001
1.471897e+003,8.909482e+001
1.472861e+003,8.201041e+001
1.473825e+003,7.407406e+001
1.474789e+003,6.591106e+001
1.475754e+003,5.807026e+001
1.476718e+003,5.098502e+001
1.477682e+003,4.495650e+001
1.478646e+003,4.019158e+001
1.479610e+003,3.676081e+001
1.480575e+003,3.456035e+001
1.481539e+003,3.334225e+001
1.482503e+003,3.289113e+001
1.483467e+003,3.303989e+001
1.484432e+003,3.364199e+001
1.485396e+003,3.457161e+001
1.486360e+003,3.572644e+001
1.487324e+003,3.699567e+001
1.488289e+003,3.827370e+001
1.489253e+003,3.940611e+001
1.490217e+003,4.025710e+001
1.491181e+003,4.080722e+001
1.492146e+003,4.117748e+001
1.493110e+003,4.155187e+001
1.494074e+003,4.214399e+001
1.495038e+003,4.314148e+001
1.496002e+003,4.469172e+001
1.496967e+003,4.682535e+001
1.497931e+003,4.938524e+001
1.498895e+003,5.205560e+001
1.499859e+003,5.462035e+001
1.500824e+003,5.697229e+001
1.501788e+003,5.893149e+001
1.502752e+003,6.018767e+001
1.503716e+003,6.057575e+001
1.504681e+003,6.028748e+001
1.505645e+003,5.970180e+001
1.506609e+003,5.922472e+001
1.507573e+003,5.926391e+001
1.508537e+003,6.022850e+001
1.509502e+003,6.244993e+001
1.510466e+003,6.591343e+001
1.511430e+003,7.024705e+001
1.512394e+003,7.506602e+001
1.513359e+003,8.030700e+001
1.514323e+003,8.587668e+001
1.515287e+003,9.145930e+001
1.516251e+003,9.672893e+001
1.517216e+003,1.016455e+002
1.518180e+003,1.064257e+002
1.519144e+003,1.112036e+002
1.520108e+003,1.160358e+002
1.521073e+003,1.210193e+002
1.522037e+003,1.263300e+002
1.523001e+003,1.320687e+002
1.523965e+003,1.382001e+002
1.524929e+003,1.445964e+002
1.525894e+003,1.510895e+002
1.526858e+003,1.575832e+002
1.527822e+003,1.640770e+002
1.528786e+003,1.707154e+002
1.529750e+003,1.776242e+002
1.530715e+003,1.849373e+002
1.531679e+003,1.927707e+002
1.532643e+003,2.012617e+002
1.533607e+003,2.106958e+002
1.534572e+003,2.216971e+002
1.535536e+003,2.349706e+002
1.536500e+003,2.510336e+002
1.537464e+003,2.702675e+002
1.538429e+003,2.929865e+002
1.539393e+003,3.194598e+002
1.540357e+003,3.499495e+002
1.541321e+003,3.847542e+002
1.542286e+003,4.239608e+002
1.543250e+003,4.672079e+002
1.544214e+003,5.138988e+002
1.545178e+003,5.632657e+002
1.546143e+003,6.145345e+002
1.547107e+003,6.671064e+002
1.548071e+003,7.206442e+002
1.549035e+003,7.740389e+002
1.550000e+003,8.258093e+002
1.550964e+003,8.748895e+002
1.551928e+003,9.211166e+002
1.552892e+003,9.649878e+002
1.553856e+003,1.007256e+003
1.554821e+003,1.049167e+003
1.555785e+003,1.092420e+003
1.556749e+003,1.138522e+003
1.557713e+003,1.188329e+003
1.558677e+003,1.241522e+003
1.559642e+003,1.296333e+003
1.560606e+003,1.349479e+003
1.561570e+003,1.396024e+003
1.562534e+003,1.429218e+003
1.563499e+003,1.442510e+003
1.564463e+003,1.430687e+003
1.565427e+003,1.390651e+003
1.566391e+003,1.321744e+003
1.567356e+003,1.226037e+003
1.568320e+003,1.108720e+003
1.569284e+003,9.774583e+002
1.570248e+003,8.409394e+002
1.571213e+003,7.079066e+002
1.572177e+003,5.859714e+002
1.573141e+003,4.807866e+002
1.574105e+003,3.956512e+002
1.575070e+003,3.313051e+002
1.576034e+003,2.862389e+002
1.576998e+003,2.576738e+002
1.577962e+003,2.419267e+002
1.578927e+003,2.350547e+002
1.579891e+003,2.333799e+002
1.580855e+003,2.339274e+002
1.581819e+003,2.346583e+002
1.582783e+003,2.343488e+002
1.583748e+003,2.323319e+002
1.584712e+003,2.283759e+002
1.585676e+003,2.223952e+002
1.586640e+003,2.144918e+002
1.587604e+003,2.050653e+002
1.588569e+003,1.946259e+002
1.589533e+003,1.836453e+002
1.590497e+003,1.725357e+002
1.591461e+003,1.616607e+002
1.592426e+003,1.513484e+002
1.593390e+003,1.418887e+002
1.594354e+003,1.335593e+002
1.595318e+003,1.265753e+002
1.596283e+003,1.210927e+002
1.597247e+003,1.171331e+002
1.598211e+003,1.144688e+002
1.599175e+003,1.127890e+002
1.600140e+003,1.119246e+002
1.601104e+003,1.118636e+002
1.602068e+003,1.124812e+002
1.603032e+003,1.134911e+002
1.603997e+003,1.145910e+002
1.604961e+003,1.155339e+002
1.605925e+003,1.161070e+002
1.606889e+003,1.161213e+002
1.607854e+003,1.154760e+002
1.608818e+003,1.141852e+002
1.609782e+003,1.123023e+002
1.610746e+003,1.098252e+002
1.611710e+003,1.067156e+002
1.612675e+003,1.031254e+002
1.613639e+003,9.937231e+001
1.614603e+003,9.579173e+001
1.615567e+003,9.261156e+001
1.616531e+003,8.995963e+001
1.617496e+003,8.788281e+001
1.618460e+003,8.625510e+001
1.619424e+003,8.475365e+001
1.620388e+003,8.303195e+001
1.621353e+003,8.095406e+001
1.622317e+003,7.847968e+001
1.623281e+003,7.543488e+001
1.624245e+003,7.160798e+001
1.625210e+003,6.694292e+001
1.626174e+003,6.163961e+001
1.627138e+003,5.606239e+001
1.628102e+003,5.067529e+001
1.629067e+003,4.585384e+001
1.630031e+003,4.182631e+001
1.630995e+003,3.870133e+001
1.631959e+003,3.643309e+001
1.632924e+003,3.487962e+001
1.633888e+003,3.398692e+001
1.634852e+003,3.379438e+001
1.635816e+003,3.411472e+001
1.636781e+003,3.451079e+001
1.637745e+003,3.460321e+001
1.638709e+003,3.418739e+001
1.639673e+003,3.322851e+001
1.640637e+003,3.185703e+001
1.641602e+003,3.023598e+001
1.642566e+003,2.838166e+001
1.643530e+003,2.629814e+001
1.644494e+003,2.409842e+001
1.645458e+003,2.196922e+001
1.646423e+003,2.009383e+001
1.647387e+003,1.860461e+001
1.648351e+003,1.747122e+001
1.649315e+003,1.649247e+001
1.650280e+003,1.551619e+001
1.651244e+003,1.452807e+001
1.652208e+003,1.353541e+001
1.653172e+003,1.254928e+001
1.654137e+003,1.161172e+001
1.655101e+003,1.075354e+001
1.656065e+003,9.963488e+000
1.657029e+003,9.226038e+000
1.657994e+003,8.602393e+000
1.658958e+003,8.250470e+000
1.659922e+003,8.330855e+000
1.660886e+003,8.716497e+000
1.661851e+003,9.104076e+000
1.662815e+003,9.327816e+000
1.663779e+003,9.463887e+000
1.664743e+003,9.616003e+000
1.665708e+003,9.751558e+000
1.666672e+003,9.833580e+000
1.667636e+003,9.884243e+000
1.668600e+003,9.938665e+000
1.669564e+003,9.964416e+000
1.670529e+003,9.897153e+000
1.671493e+003,9.796686e+000
1.672457e+003,9.814135e+000
1.673421e+003,9.976778e+000
1.674385e+003,1.000064e+001
1.675350e+003,9.708635e+000
1.676314e+003,9.158854e+000
1.677278e+003,8.514485e+000
1.678242e+003,7.876685e+000
1.679207e+003,7.295680e+000
1.680171e+003,6.895926e+000
1.681135e+003,6.739091e+000
1.682099e+003,6.722436e+000
1.683064e+003,6.691102e+000
1.684028e+003,6.624967e+000
1.684992e+003,6.576936e+000
1.685956e+003,6.517395e+000
1.686921e+003,6.331730e+000
1.687885e+003,5.921118e+000
1.688849e+003,5.353984e+000
1.689813e+003,4.786450e+000
1.690778e+003,4.394380e+000
1.691742e+003,4.305679e+000
1.692706e+003,4.590568e+000
1.693670e+003,5.236434e+000
1.694635e+003,6.030413e+000
1.695599e+003,6.682598e+000
1.696563e+003,7.057971e+000
1.697527e+003,7.199621e+000
1.698491e+003,7.069889e+000
1.699456e+003,6.544053e+000
1.700420e+003,5.606818e+000
1.701384e+003,4.372038e+000
1.702348e+003,3.008373e+000
1.703313e+003,1.723395e+000
1.704277e+003,7.220378e-001
1.705241e+003,1.242056e-001
1.706205e+003,0.000000e+000
1.707169e+003,3.675575e-001
1.708134e+003,1.133635e+000
1.709098e+003,2.140924e+000
1.710062e+003,3.278009e+000
1.711026e+003,4.454080e+000
1.711991e+003,5.512194e+000
1.712955e+003,6.266560e+000
1.713919e+003,6.637605e+000
1.714883e+003,6.673244e+000
1.715848e+003,6.459747e+000
1.716812e+003,6.089021e+000
1.717776e+003,5.692718e+000
1.718740e+003,5.421762e+000
1.719705e+003,5.470335e+000
1.720669e+003,6.011446e+000
1.721633e+003,7.083480e+000
1.722597e+003,8.605479e+000
1.723562e+003,1.053508e+001
1.724526e+003,1.282030e+001
1.725490e+003,1.530337e+001
1.726454e+003,1.775267e+001
1.727418e+003,2.016718e+001
1.728383e+003,2.266790e+001
1.729347e+003,2.513628e+001
1.730311e+003,2.728185e+001
1.731275e+003,2.895180e+001
1.732240e+003,3.017357e+001
1.733204e+003,3.105281e+001
1.734168e+003,3.171522e+001
1.735132e+003,3.220247e+001
1.736096e+003,3.247092e+001
1.737061e+003,3.250984e+001
1.738025e+003,3.230984e+001
1.738989e+003,3.183284e+001
1.739953e+003,3.112847e+001
1.740918e+003,3.045763e+001
1.741882e+003,2.992608e+001
1.742846e+003,2.929350e+001
1.743810e+003,2.833392e+001
1.744775e+003,2.709012e+001
1.745739e+003,2.574785e+001
1.746703e+003,2.446184e+001
1.747667e+003,2.323521e+001
1.748632e+003,2.191815e+001
1.749596e+003,2.038251e+001
1.750560e+003,1.868685e+001
1.751524e+003,1.696575e+001
1.752489e+003,1.529282e+001
1.753453e+003,1.373927e+001
1.754417e+003,1.243287e+001
1.755381e+003,1.145433e+001
1.756345e+003,1.075868e+001
1.757310e+003,1.025212e+001
1.758274e+003,9.848107e+000
1.759238e+003,9.486717e+000
1.760202e+003,9.143444e+000
1.761167e+003,8.673979e+000
1.762131e+003,8.006670e+000
1.763095e+003,7.251851e+000
1.764059e+003,6.580364e+000
1.765023e+003,6.042769e+000
1.765988e+003,5.674762e+000
1.766952e+003,5.582798e+000
1.767916e+003,5.865067e+000
1.768880e+003,6.533239e+000
1.769845e+003,7.478599e+000
1.770809e+003,8.457335e+000
1.771773e+003,9.213139e+000
1.772737e+003,9.667291e+000
1.773702e+003,9.948307e+000
1.774666e+003,1.011306e+001
1.775630e+003,1.022743e+001
1.776594e+003,1.036893e+001
1.777559e+003,1.053906e+001
1.778523e+003,1.071235e+001
1.779487e+003,1.101992e+001
1.780451e+003,1.151274e+001
1.781416e+003,1.205710e+001
1.782380e+003,1.254466e+001
1.783344e+003,1.301594e+001
1.784308e+003,1.348805e+001
1.785272e+003,1.392474e+001
1.786237e+003,1.437538e+001
1.787201e+003,1.495111e+001
1.788165e+003,1.564467e+001
1.789129e+003,1.637346e+001
1.790094e+003,1.708486e+001
1.791058e+003,1.774578e+001
1.792022e+003,1.830711e+001
1.792986e+003,1.860016e+001
1.793950e+003,1.830151e+001
1.794915e+003,1.726415e+001
1.795879e+003,1.567650e+001
1.796843e+003,1.387778e+001
1.797807e+003,1.207742e+001
1.798772e+003,1.041386e+001
1.799736e+003,9.080442e+000
1.800700e+003,8.243299e+000
1.801664e+003,7.941023e+000
1.802629e+003,8.119390e+000
1.803593e+003,8.770777e+000
1.804557e+003,9.861431e+000
1.805521e+003,1.116664e+001
1.806486e+003,1.223997e+001
1.807450e+003,1.278654e+001
1.808414e+003,1.284619e+001
1.809378e+003,1.261507e+001
1.810343e+003,1.226274e+001
1.811307e+003,1.185129e+001
1.812271e+003,1.146456e+001
1.813235e+003,1.120432e+001
1.814199e+003,1.108710e+001
1.815164e+003,1.106413e+001
1.816128e+003,1.111001e+001
1.817092e+003,1.121527e+001
1.818056e+003,1.132889e+001
1.819021e+003,1.137138e+001
1.819985e+003,1.128666e+001
1.820949e+003,1.112267e+001
1.821913e+003,1.098628e+001
1.822877e+003,1.100380e+001
1.823842e+003,1.124259e+001
1.824806e+003,1.165905e+001
1.825770e+003,1.221168e+001
1.826734e+003,1.286734e+001
1.827699e+003,1.353756e+001
1.828663e+003,1.410301e+001
1.829627e+003,1.442681e+001
1.830591e+003,1.435359e+001
1.831556e+003,1.387182e+001
1.832520e+003,1.313958e+001
1.833484e+003,1.231285e+001
1.834448e+003,1.143772e+001
1.835413e+003,1.055830e+001
1.836377e+003,9.806681e+000
1.837341e+003,9.269020e+000
1.838305e+003,8.946153e+000
1.839270e+003,8.862852e+000
1.840234e+003,9.048423e+000
1.841198e+003,9.439333e+000
1.842162e+003,9.891930e+000
1.843126e+003,1.021148e+001
1.844091e+003,1.024194e+001
1.845055e+003,9.998798e+000
1.846019e+003,9.565724e+000
1.846983e+003,8.974154e+000
1.847948e+003,8.215824e+000
1.848912e+003,7.334875e+000
1.849876e+003,6.413142e+000
1.850840e+003,5.486129e+000
1.851804e+003,4.616584e+000
1.852769e+003,3.964729e+000
1.853733e+003,3.632450e+000
1.854697e+003,3.576081e+000
1.855661e+003,3.706465e+000
1.856626e+003,3.917163e+000
1.857590e+003,4.097192e+000
1.858554e+003,4.210918e+000
1.859518e+003,4.300764e+000
1.860483e+003,4.427462e+000
1.861447e+003,4.641847e+000
1.862411e+003,4.975668e+000
1.863375e+003,5.459983e+000
1.864340e+003,6.169595e+000
1.865304e+003,7.193460e+000
1.866268e+003,8.539267e+000
1.867232e+003,1.003916e+001
1.868197e+003,1.147890e+001
1.869161e+003,1.270754e+001
1.870125e+003,1.356934e+001
1.871089e+003,1.387976e+001
1.872053e+003,1.354456e+001
1.873018e+003,1.265243e+001
1.873982e+003,1.137340e+001
1.874946e+003,9.901225e+000
1.875910e+003,8.441002e+000
1.876875e+003,7.234952e+000
1.877839e+003,6.451191e+000
1.878803e+003,6.103677e+000
1.879767e+003,6.129847e+000
1.880731e+003,6.466337e+000
1.881696e+003,6.974092e+000
1.882660e+003,7.475945e+000
1.883624e+003,7.815817e+000
1.884588e+003,7.877849e+000
1.885553e+003,7.637119e+000
1.886517e+003,7.227821e+000
1.887481e+003,6.794707e+000
1.888445e+003,6.420406e+000
1.889410e+003,6.178856e+000
1.890374e+003,6.171764e+000
1.891338e+003,6.401352e+000
1.892302e+003,6.848930e+000
1.893267e+003,7.571779e+000
1.894231e+003,8.609488e+000
1.895195e+003,9.790025e+000
1.896159e+003,1.098728e+001
1.897124e+003,1.222299e+001
1.898088e+003,1.355398e+001
1.899052e+003,1.502207e+001
1.900016e+003,1.661510e+001
1.900980e+003,1.819382e+001
1.901945e+003,1.961266e+001
1.902909e+003,2.083127e+001
1.903873e+003,2.182579e+001
1.904837e+003,2.248367e+001
1.905802e+003,2.273777e+001
1.906766e+003,2.261094e+001
1.907730e+003,2.211389e+001
1.908694e+003,2.119209e+001
1.909658e+003,1.993426e+001
1.910623e+003,1.853161e+001
1.911587e+003,1.715316e+001
1.912551e+003,1.589865e+001
1.913515e+003,1.479996e+001
1.914480e+003,1.391992e+001
1.915444e+003,1.336257e+001
1.916408e+003,1.315870e+001
1.917372e+003,1.318072e+001
1.918337e+003,1.324533e+001
1.919301e+003,1.324444e+001
1.920265e+003,1.311567e+001
1.921229e+003,1.275685e+001
1.922194e+003,1.205511e+001
1.923158e+003,1.102839e+001
1.924122e+003,9.760302e+000
1.925086e+003,8.357661e+000
1.926051e+003,6.977570e+000
1.927015e+003,5.840384e+000
1.927979e+003,5.164934e+000
1.928943e+003,5.023979e+000
1.929907e+003,5.353657e+000
1.930872e+003,6.046029e+000
1.931836e+003,6.977738e+000
1.932800e+003,8.023759e+000
1.933764e+003,9.023143e+000
1.934729e+003,9.765662e+000
1.935693e+003,1.008445e+001
1.936657e+003,9.939805e+000
1.937621e+003,9.399019e+000
1.938585e+003,8.625967e+000
1.939550e+003,7.796481e+000
1.940514e+003,6.997369e+000
1.941478e+003,6.299792e+000
1.942442e+003,5.767069e+000
1.943407e+003,5.448188e+000
1.944371e+003,5.358387e+000
1.945335e+003,5.397223e+000
1.946299e+003,5.419817e+000
1.947264e+003,5.334183e+000
1.948228e+003,5.148626e+000
1.949192e+003,4.952522e+000
1.950156e+003,4.860541e+000
1.951121e+003,5.007958e+000
1.952085e+003,5.430707e+000
1.953049e+003,5.986892e+000
1.954013e+003,6.486589e+000
1.954978e+003,6.964244e+000
1.955942e+003,7.557391e+000
1.956906e+003,8.323945e+000
1.957870e+003,9.134599e+000
1.958834e+003,9.761904e+000
1.959799e+003,1.011391e+001
1.960763e+003,1.033374e+001
1.961727e+003,1.065271e+001
1.962691e+003,1.118888e+001
1.963656e+003,1.185478e+001
1.964620e+003,1.248049e+001
1.965584e+003,1.284813e+001
1.966548e+003,1.277025e+001
1.967512e+003,1.222251e+001
1.968477e+003,1.140903e+001
1.969441e+003,1.052116e+001
1.970405e+003,9.562406e+000
1.971369e+003,8.443409e+000
1.972334e+003,7.283896e+000
1.973298e+003,6.358946e+000
1.974262e+003,5.911949e+000
1.975226e+003,6.013459e+000
1.976191e+003,6.518773e+000
1.977155e+003,7.162417e+000
1.978119e+003,7.789321e+000
1.979083e+003,8.356489e+000
1.980048e+003,8.886082e+000
1.981012e+003,9.421534e+000
1.981976e+003,9.962088e+000
1.982940e+003,1.042335e+001
1.983905e+003,1.073289e+001
1.984869e+003,1.094638e+001
1.985833e+003,1.115892e+001
1.986797e+003,1.134843e+001
1.987761e+003,1.143997e+001
1.988726e+003,1.138043e+001
1.989690e+003,1.112562e+001
1.990654e+003,1.044847e+001
1.991618e+003,9.577938e+000
1.992583e+003,9.278993e+000
1.993547e+003,9.519686e+000
1.994511e+003,8.276772e+000
1.995475e+003,8.129654e+000
1.996439e+003,7.790184e+000
1.997404e+003,1.054832e+001
1.998368e+003,1.387591e+001
1.999332e+003,1.045465e+001
2.000296e+003,5.037979e+000
